
==========
== CUDA ==
==========

CUDA Version 13.0.2

Container image Copyright (c) 2016-2023, NVIDIA CORPORATION & AFFILIATES. All rights reserved.

This container image and its contents are governed by the NVIDIA Deep Learning Container License.
By pulling and using the container, you accept the terms and conditions of this license:
https://developer.nvidia.com/ngc/nvidia-deep-learning-container-license

A copy of this license is made available in this container at /NGC-DL-CONTAINER-LICENSE for your convenience.

mma_quality_q4_attrs fallback=0 regs=255 local=0 const=0 shared=0 maxThreadsPerBlock=256
QW38_DECODE_ORACLE_RESULT={"schema_version":1,"task":"OPT-032","status":"measured","device":"NVIDIA GeForce RTX 5090","compute_capability":"12.0","measurement_utc":"2026-09-10T20:08:18Z","prefix":128,"decode_tokens":256,"warmups":3,"runs":30,"mean_tok_s":35.9651642,"token_latency_p50_ms":27.9265747,"token_latency_p95_ms":28.0755596,"run_mean_token_latency_p95_ms":27.983799,"graphs_created":true,"attribution":null,"cache_policy":"disabled","warmup_tok_s":[37.2675362,36.9963989,36.8389664],"tok_s":[36.6850319,36.549942,36.4590569,36.341713,36.2651749,36.187645,36.1573143,36.0839615,36.0326538,36.0033798,35.9371948,35.9418983,35.9120445,35.8621063,35.8286972,35.7989655,35.8114891,35.8290482,35.8133621,35.7882919,35.7852898,35.7963104,35.8143959,35.7948036,35.764328,35.7611275,35.7393951,35.7481232,35.7311668,35.7312126],"run_wall_ms":[6978.32324,7004.11523,7021.57471,7044.24707,7059.11426,7074.2373,7080.17188,7094.56494,7104.6665,7110.44336,7123.53906,7122.60645,7128.52734,7138.4541,7145.11035,7151.04443,7148.54395,7145.04053,7148.16992,7153.17725,7153.77783,7151.57471,7147.96387,7151.87598,7157.9707,7158.61133,7162.96436,7161.21484,7164.61377,7164.604],"token_latency_ms":[25.1022682,25.0825901,25.0781136,25.1067276,25.3453598,26.11343,26.7295094,26.9639645,26.8564205,26.6788845,26.7583447,27.0094929,27.2263432,27.2168579,27.1546288,27.1033802,27.1129398,27.1857586,27.1903763,27.1789837,27.2065868,27.1753063,27.1642761,27.1947041,27.2189007,27.2172165,27.1511326,27.1891022,27.2339401,27.2296619,27.2492886,27.2090416,27.2527046,27.2255726,27.1960564,27.1963482,27.2242393,27.2305622,27.2098427,27.3090229,27.3006363,27.2190304,27.1975498,27.1940117,27.2600384,27.2547779,27.2381077,27.2170277,27.2598476,27.240612,27.1798553,27.2270451,27.2415447,27.2319145,27.2404518,27.2283974,27.2279472,27.3446007,27.2225151,27.2010765,27.2542381,27.2443295,27.2432861,27.2249603,27.2478447,27.26021,27.2615509,27.2383671,27.2764206,27.2653694,27.2259026,27.2071171,27.2335777,27.2427158,27.243948,27.2242908,27.2592163,27.2505112,27.2456303,27.2283287,27.2559109,27.2572136,27.2588863,27.2389488,27.2837334,27.3257637,27.2637558,27.2544498,27.2693043,27.2988224,27.2579632,27.2385883,27.2719707,27.2961884,27.3087902,27.2843342,27.2939129,27.3268757,27.2912788,27.2746658,27.3033409,27.2931309,27.2446289,27.3633862,27.2607193,27.2638359,27.2637959,27.2637653,27.2863789,27.254118,27.2852459,27.2726326,27.3605995,27.3033409,27.2631645,27.2489567,27.3168354,27.3253613,27.2846241,27.2617226,27.2871284,27.3394508,27.2864571,27.2610092,27.3254929,27.3171673,27.3246613,27.3183594,27.3037415,27.3182888,27.2770901,27.4058456,27.3636951,27.3179588,27.3221359,27.2658901,27.3404427,27.357563,27.3106747,27.3032207,27.4569836,27.3490162,27.3270168,27.2922192,27.3114967,27.3567123,27.324482,27.3275566,27.3511009,27.3373547,27.3204937,27.3532867,27.3477955,27.3429565,27.3436775,27.3020096,27.3432159,27.3935013,27.3383789,27.3136597,27.3590469,27.3490772,27.3435574,27.3352928,27.3586159,27.3624935,27.3340702,27.4127274,27.4311142,27.3637047,27.3906364,27.3829613,27.3715897,27.3805485,27.3507004,27.3709087,27.4216557,27.3791752,27.4081001,27.3695259,27.3560505,27.3561802,27.3329163,27.332756,27.3378754,27.343277,27.3534851,27.3537064,27.3475342,27.3706093,27.4036312,27.336544,27.3816204,27.3731213,27.3456001,27.3560028,27.3598289,27.3643551,27.3650188,27.3656597,27.3983402,27.4288998,27.3543987,27.3610802,27.4450207,27.369997,27.3792953,27.3628845,27.4008045,27.4158058,27.3525448,27.4088001,27.4038124,27.4510822,27.3858261,27.3809185,27.4408627,27.4372253,27.3848057,27.4030285,27.4222565,27.3986626,27.4908962,27.4526043,27.4343796,27.3943844,27.3878307,27.3950253,27.4379959,27.4091511,27.3850765,27.6050644,27.4604492,27.3640957,27.3471546,27.3813782,27.4125977,27.435112,27.3900757,27.3960381,27.4894943,27.4519424,27.4359322,27.427618,27.479805,27.4000244,27.3898144,27.3818798,27.4233704,27.4589767,27.4054031,27.3854465,27.4165668,27.4229679,27.4142303,27.4205341,25.1153221,25.1072884,25.1153221,25.0949535,25.6214066,26.5948448,27.1028805,27.1975708,26.9000549,26.7373943,26.8901558,27.1629944,27.3379154,27.3267059,27.2220669,27.1658592,27.2242603,27.326004,27.3141117,27.3559818,27.3389282,27.3005466,27.2638741,27.2994347,27.3296909,27.3474045,27.3341999,27.3239994,27.3393288,27.3252335,27.3262749,27.2962074,27.3477955,27.3229389,27.2964478,27.3772717,27.3194809,27.312849,27.3115768,27.265358,27.3303127,27.3675117,27.2953148,27.2758389,27.3880424,27.3201122,27.2985325,27.2946434,27.3073883,27.3389988,27.3320656,27.3023472,27.3249321,27.3438473,27.3216152,27.3325558,27.3806477,27.3213959,27.3277168,27.3005962,27.3459415,27.3449402,27.31353,27.3308125,27.3624535,27.3635044,27.3186493,27.3360348,27.3374157,27.3477764,27.3122768,27.3293705,27.4006252,27.3755779,27.4225769,27.3310833,27.3788929,27.3540287,27.3218555,27.3203735,27.3520622,27.3715401,27.3401604,27.3630829,27.4028702,27.3850651,27.3707886,27.3341084,27.3580952,27.3639164,27.4010067,27.3272152,27.372633,27.3565922,27.3535061,27.3516121,27.3956757,27.4000359,27.3735332,27.3909073,27.3952255,27.3727036,27.3725014,27.3616219,27.4339581,27.4153442,27.4153423,27.374506,27.4433479,27.3901958,27.3602104,27.3731022,27.4141922,27.3948746,27.3914375,27.3398705,27.4482861,27.4314938,27.4059658,27.4035301,27.4089203,27.41366,27.3747063,27.4022388,27.4358921,27.3892937,27.3901463,27.3944836,27.4227962,27.4073696,27.3777122,27.4032402,27.4321251,27.4098034,27.4007053,27.4055157,27.4963074,27.4378262,27.39258,27.395977,27.4194813,27.4213943,27.4174576,27.4354134,27.4508419,27.5078487,27.4438076,27.4425259,27.4426765,27.4041519,27.4245224,27.3975601,27.4488564,27.4631042,27.4701977,27.4349003,27.4427547,27.4634247,27.4137001,27.4384384,27.4825001,27.4566212,27.4421959,27.4825706,27.4643154,27.4637165,27.4281864,27.4256935,27.4524441,27.4664803,27.4640064,27.4676037,27.5827503,27.4909172,27.4676838,27.4343891,27.4988918,27.4644165,27.4518948,27.4762077,27.4689369,27.5293007,27.4220066,27.4666729,27.4711685,27.4653397,27.4368248,27.4393005,27.4906254,27.4668522,27.4968472,27.5027905,27.4736443,27.4959068,27.4571648,27.4769096,27.4791641,27.4582653,27.4417839,27.4607792,27.5402813,27.4886227,27.4385872,27.4542065,27.4946346,27.5102348,27.5052738,27.4757881,27.5134106,27.5058155,27.474556,27.5082092,27.4807777,27.5137615,27.5180378,27.497591,27.535511,27.5016575,27.5386982,27.5006256,27.5164757,27.5089417,27.512558,27.4987316,27.5271568,27.4948635,27.4741459,27.5587559,27.5241795,27.5147839,27.4930706,27.4856987,27.5009155,27.4687366,27.4688759,27.4421654,27.5179482,27.4749069,27.465519,27.4659901,27.5045223,27.5147629,27.4703884,27.5120564,27.5283184,27.5612907,27.5102234,27.5161438,27.5554199,27.5161343,27.5088024,27.5089626,27.5550499,27.5451908,27.5890026,27.5147133,25.1008167,25.1083088,25.1263542,25.1771412,25.8841038,26.6247005,27.0486889,27.0948734,26.8527737,26.8419437,27.0670719,27.2606792,27.4272976,27.3841457,27.2872295,27.3110256,27.3662109,27.3916092,27.3961563,27.4065762,27.4075394,27.4152126,27.4289398,27.4197102,27.4449596,27.4280376,27.3732643,27.3930416,27.4121265,27.444521,27.4129086,27.4391098,27.4074974,27.4577141,27.3960857,27.4224472,27.4248123,27.406126,27.4140511,27.4119873,27.4795055,27.3966579,27.4056664,27.3832817,27.4236794,27.4226665,27.3981209,27.3991623,27.4108257,27.4625435,27.4129982,27.4132195,27.4563313,27.4503098,27.4691162,27.4164753,27.4463711,27.4229984,27.4386883,27.4112854,27.4372234,27.4548683,27.4061451,27.3896542,27.4313145,27.4278164,27.4600792,27.4528751,27.4492474,27.4295597,27.4043922,27.4179993,27.4527359,27.4562702,27.4280262,27.4056854,27.5445786,27.4389172,27.4116879,27.4074383,27.4294395,27.4163551,27.4123878,27.3766594,27.4248619,27.4604797,27.4088306,27.4085407,27.434761,27.4559498,27.4222069,27.3988323,27.4025497,27.4199429,27.4226665,27.4476452,27.4893742,27.4658108,27.4823418,27.3961563,27.4310341,27.4371548,27.4193211,27.4392281,27.4541874,27.4615803,27.449398,27.4727421,27.4503193,27.463665,27.4570847,27.4074574,27.4702377,27.4687042,27.4486065,27.4207344,27.4575729,27.4465637,27.4525642,27.4307728,27.4660797,27.4781132,27.4528751,27.4068775,27.4586353,27.4628544,27.4538975,27.4271641,27.5041122,27.4944344,27.4555492,27.4814892,27.4710808,27.4801769,27.4590988,27.4627934,27.4924698,27.5175686,27.4611702,27.4483356,27.5374069,27.5060654,27.4489574,27.4687042,27.5019779,27.4910374,27.4824409,27.4679642,27.5166969,27.5181389,27.4707394,27.450491,27.5206146,27.5072689,27.5433273,27.4687138,27.5108643,27.4853363,27.5664101,27.4907169,27.4832935,27.5057163,27.4763699,27.4944038,27.5220356,27.5275955,27.5047131,27.5802174,27.5553093,27.5424232,27.5347214,27.4979305,27.5437889,27.5822506,27.5339184,27.5425148,27.5495892,27.5490685,27.4979706,27.5148621,27.5582867,27.5631733,27.5467548,27.5347309,27.5684433,27.5639572,27.6357727,27.5065479,27.5445175,27.5708694,27.5378456,27.5422554,27.5439396,27.5543079,27.5439377,27.5686855,27.5353909,27.5571537,27.5123177,27.5229588,27.5525932,27.570509,27.5246201,27.5348511,27.5577431,27.5360622,27.5508804,27.5288792,27.5588169,27.5553894,27.546463,27.5271549,27.551012,27.5586758,27.5349903,27.5289803,27.5330372,27.555439,27.5274658,27.5515823,27.5383263,27.549839,27.5800877,27.5059853,27.5766392,27.5644188,27.5967789,27.5732536,27.5820904,27.5727634,27.5398502,27.5239201,27.5690365,27.5846558,27.5671616,27.5796261,27.5447807,27.5572224,27.5703087,27.5685844,27.6127491,27.5794067,27.5736141,27.5529442,27.5609894,27.5869503,27.5847569,27.5650387,27.5702477,27.6481266,27.584816,27.5651188,27.6112251,27.6051731,27.5695858,27.5661316,25.1483765,25.1251106,25.1587753,25.2230873,26.1035614,26.9405212,27.3322144,27.2814407,26.9098434,26.9239807,27.1479359,27.3925591,27.5285091,27.4607792,27.3722229,27.3443699,27.4726429,27.4644566,27.4811573,27.4847069,27.4899063,27.4755974,27.4366055,27.4405308,27.4963779,27.5284672,27.4826012,27.4931602,27.4683857,27.5086403,27.4946651,27.4467449,27.5041008,27.4855366,27.4848251,27.4788246,27.4933929,27.4932518,27.4694977,27.4794655,27.4945831,27.5035419,27.4352703,27.4988136,27.4911175,27.4957066,27.4945736,27.5038719,27.5069561,27.562254,27.4613304,27.4787731,27.5028191,27.5698566,27.4787846,27.5073185,27.5290394,27.5168171,27.4968681,27.5327168,27.5376263,27.5518818,27.5729637,27.5452709,27.5291805,27.5425549,27.5174866,27.4986038,27.5815392,27.5560207,27.5260544,27.5240803,27.5467548,27.5335178,27.5176373,27.4925194,27.5246906,27.4954166,27.4774494,27.4809494,27.5740757,27.514883,27.5181789,27.5195408,27.541523,27.5365257,27.5121765,27.5030289,27.5172062,27.5417442,27.5262241,27.5320358,27.5445499,27.5612717,27.504734,27.5291691,27.5401897,27.5446091,27.5391884,27.5335789,27.5604992,27.5440483,27.5180779,27.5491486,27.576849,27.5490589,27.5275879,27.7186909,27.607439,27.5983505,27.5685444,27.5144424,27.5290108,27.5718212,27.5354118,27.5772018,27.686348,27.5697956,27.5528946,27.5362434,27.5864887,27.6132793,27.5628643,27.5402794,27.5402813,27.6345806,27.5568924,27.5536766,27.6153049,27.609211,27.6005764,27.5969391,27.6015263,27.5969276,27.6103649,27.6101532,27.6161652,27.5971184,27.6037121,27.5808086,27.570507,27.5841942,27.5774612,27.6167259,27.614502,27.6003361,27.5701389,27.6029892,27.6058865,27.6063061,27.6016674,27.580307,27.6152725,27.6020584,27.5446892,27.5984116,27.5966587,27.6219769,27.5610104,27.5838833,27.5678139,27.5998459,27.6053944,27.5627232,27.634922,27.624651,27.5665207,27.6085491,27.6304722,27.6017475,27.5997124,27.5810089,27.595356,27.5958366,27.5772514,27.6065464,27.6150017,27.5783634,27.5756493,27.6082287,27.7554092,27.6428356,27.591198,27.5717697,27.617548,27.6554203,27.6360016,27.5953751,27.6444492,27.6640053,27.6011162,27.6287193,27.6488876,27.6296101,27.6085205,27.6152344,27.6584854,27.6331387,27.6081409,27.5788841,27.6325779,27.5992031,27.5979004,27.6002045,27.6450901,27.6284084,27.5915871,27.620163,27.6362534,27.6260033,27.6193008,27.6242008,27.642004,27.5985909,27.5949059,27.5748672,27.6376247,27.6613007,27.5884438,27.5751781,27.6212749,27.6412029,27.6183796,27.5931911,27.6239204,27.6228485,27.6272659,27.6028919,27.6195812,27.6442089,27.6325359,27.6075783,27.6452293,27.6280193,27.6534653,27.6982422,27.6966286,27.6637154,27.632637,27.6151733,27.6461124,27.6459618,27.5962067,27.670229,27.6410828,27.6442184,27.6156425,27.6462135,27.6287899,27.6476059,27.6253033,27.6280689,27.8652687,27.733427,27.6057758,27.6278667,25.1676731,25.1749668,25.1839924,25.2708282,26.1112862,27.1015167,27.3743858,27.2719212,26.9048347,26.9780216,27.2412739,27.5357132,27.6030197,27.5200119,27.4115276,27.4048843,27.4980297,27.5573349,27.5800858,27.5725307,27.5736542,27.5098629,27.5319653,27.5430756,27.5694771,27.5634747,27.514843,27.5286083,27.5521946,27.5744362,27.5092201,27.5394592,27.5469036,27.5752563,27.5198612,27.5227585,27.5665016,27.5523643,27.5764599,27.5471935,27.5853367,27.5682125,27.5621624,27.5315933,27.5761509,27.5993233,27.5767803,27.5627136,27.5510902,27.5830612,27.5484562,27.5564709,27.5879307,27.5753078,27.527607,27.5331688,27.6871681,27.5743866,27.5417538,27.5262642,27.54533,27.5816097,27.5719814,27.5616913,27.572422,27.5919399,27.5354118,27.557724,27.5410023,27.5720806,27.6049557,27.5650673,27.5823803,27.5625439,27.6019974,27.5485477,27.5914173,27.5789948,27.5687943,27.5631542,27.564127,27.6303215,27.6139317,27.5696163,27.5824013,27.5869904,27.5484066,27.5662994,27.5810986,27.5765991,27.5531254,27.5718212,27.7148018,27.6666317,27.5901756,27.5619316,27.5900669,27.6217365,27.6035309,27.6221066,27.6469536,27.6475258,27.6103745,27.605175,27.6153736,27.6083603,27.5706882,27.5961075,27.5941029,27.5765991,27.6932716,27.5876503,27.6197529,27.5967884,27.5959473,27.5998631,27.6036911,27.5928593,27.5416336,27.6391697,27.6217461,27.5972004,27.5940533,27.5920582,27.6338196,27.6177273,27.619091,27.5751076,27.677702,27.6352806,27.6123199,27.6021481,27.6478767,27.6445389,27.6049442,27.6173382,27.61409,27.6622238,27.6445179,27.6112461,27.6350594,27.6612606,27.6640568,27.6037731,27.6288586,27.6486378,27.6390476,27.6238308,27.6308937,27.6347618,27.6081009,27.6428051,27.6864491,27.6493874,27.663805,27.666502,27.6641655,27.6653194,27.6091728,27.6215649,27.6328564,27.6295605,27.6316242,27.6490479,27.6640759,27.6480865,27.646822,27.6163769,27.6601486,27.7002258,27.6368942,27.6521339,27.6735229,27.6805363,27.6519032,27.6683846,27.6978607,27.6816998,27.6709595,27.6470947,27.6456699,27.6978016,27.6405315,27.6828918,27.7100544,27.6905479,27.6977901,27.673975,27.7107658,27.7132282,27.6933022,27.6812382,27.7170868,27.6960678,27.6988621,27.6644764,27.7006054,27.711216,27.7037525,27.6805267,27.6923599,27.731144,27.6741657,27.6642475,27.655159,27.6841431,27.6507702,27.6573925,27.6969395,27.6800365,27.7794056,27.7038918,27.7224178,27.7081394,27.6944847,27.6758289,27.7004757,27.7321663,27.6953564,27.7377052,27.6964283,27.6793747,27.6748161,27.6913986,27.7050743,27.7316532,27.6924095,27.7005672,27.7278671,27.7151737,27.6873417,27.6908169,27.7379456,27.6997356,27.7263336,27.7026997,27.7007961,27.7479057,27.6939049,27.6926994,27.7504692,27.7745762,27.7150326,27.7112961,27.7265854,27.7569523,27.7167778,27.72328,27.7337589,27.7310734,27.7269154,27.6700497,27.7520313,27.7338886,27.7049847,27.7306728,25.1800861,25.1821785,25.1761093,25.3456802,26.4323158,27.2867393,27.4736137,27.2707481,26.9613209,27.0708389,27.3259048,27.5673714,27.6676826,27.6346607,27.4711781,27.4827118,27.5692253,27.5855865,27.6012878,27.5956669,27.5862389,27.5885239,27.6254234,27.6030502,27.6550694,27.6235695,27.5861588,27.5929317,27.6142616,27.6501102,27.6090107,27.6269741,27.6328373,27.6166267,27.5669327,27.6098328,27.6307926,27.6162968,27.5829411,27.5932007,27.7129993,27.6125374,27.6013985,27.6098022,27.6350918,27.6756573,27.6212749,27.5936317,27.6380672,27.6791153,27.6237793,27.5972691,27.5935726,27.6208248,27.5762787,27.5901241,27.6246414,27.646122,27.6772919,27.5765209,27.6219959,27.6590672,27.6345406,27.6019173,27.6335068,27.637064,27.6141129,27.6875515,27.6589451,27.6514721,27.6281872,27.6417027,27.660078,27.6204624,27.6406422,27.6239796,27.7126179,27.6707096,27.6127186,27.6687965,27.6516514,27.6423359,27.640871,27.6186295,27.6349716,27.6754894,27.6584053,27.6517124,27.6470222,27.6408329,27.6065865,27.6296711,27.7046032,27.6677933,27.6703377,27.6627846,27.6375961,27.6482754,27.6645164,27.6484871,27.6709881,27.7129192,27.6384869,27.6648979,27.7288399,27.6827812,27.6590672,27.6672421,27.6614513,27.6566124,27.6870003,27.6294403,27.6908073,27.6968594,27.6299419,27.662653,27.7026215,27.6532459,27.6740646,27.6503201,27.6858883,27.6930504,27.705204,27.6474247,27.6526241,27.704113,27.6524639,27.6624432,27.7050838,27.6845951,27.6992321,27.7598572,27.7187309,27.6891632,27.6672535,27.6973381,27.716465,27.7022495,27.6743755,27.6836033,27.7443275,27.702961,27.7246513,27.6731339,27.7151432,27.712326,27.6662903,27.6757793,27.6905251,27.7574539,27.6844349,27.6885624,27.7153931,27.6992626,27.691227,27.7048931,27.7077694,27.7464314,27.7035713,27.7159748,27.7199326,27.7300415,27.7218266,27.7118568,27.7444096,27.732275,27.7600288,27.7286987,27.7383366,27.7287083,27.7511024,27.7277985,27.7703171,27.7764301,27.7640553,27.7219353,27.7916088,27.7540379,27.7448788,27.7113571,27.7407017,27.7211456,27.758606,27.7325573,27.7275963,27.7759972,27.7131996,27.6923695,27.7388077,27.7220364,27.6991425,27.7328377,27.7595463,27.7781639,27.7791443,27.7585659,27.7524147,27.7466335,27.7249012,27.694725,27.7353821,27.7360821,27.7231483,27.7485962,27.7312031,27.7247505,27.7414246,27.7467422,27.7525349,27.7437973,27.7343102,27.7186794,27.782341,27.722187,27.7337494,27.7411327,27.7480755,27.7399902,27.7380486,27.7503891,27.7772808,27.8039303,27.7494774,27.7221069,27.7686157,27.7485962,27.7133694,27.7045422,27.7257347,27.7504292,27.7608299,27.7131901,27.7526245,27.7672329,27.7537975,27.6981697,27.7682858,27.7319946,27.7300911,27.7663803,27.7747669,27.7344608,27.7389183,27.7263355,27.7799873,27.7974682,27.7689362,27.7379971,27.8222466,27.7749767,27.7553101,27.7570229,27.7457714,27.7342491,27.7461319,27.7310734,25.2166367,25.2054844,25.1979103,25.3920593,26.3019485,27.2263641,27.5914078,27.324461,27.0303421,27.1223068,27.3755589,27.6411114,27.7113361,27.6381969,27.5255527,27.5582867,27.5954151,27.6505299,27.6624146,27.6190701,27.6382275,27.6187992,27.6211357,27.6307926,27.7389889,27.6647968,27.6245117,27.6590862,27.6519737,27.6591072,27.6283779,27.5998058,27.7031403,27.7540169,27.6482964,27.6245403,27.6881523,27.6779232,27.6195621,27.6105347,27.6592464,27.6808071,27.713541,27.6019783,27.6665306,27.6812191,27.6532669,27.6465721,27.6586151,27.660078,27.6774311,27.7566013,27.6803875,27.6613102,27.6769104,27.6551189,27.6879826,27.6720715,27.6584454,27.6480961,27.7055359,27.6477852,27.6213665,27.6086502,27.6434689,27.6833515,27.5804176,27.6439781,27.6760387,27.6926498,27.6411324,27.6622925,27.6531563,27.6668205,27.6408119,27.6424255,27.6949043,27.6752777,27.6685963,27.6472034,27.6641579,27.6642265,27.6366138,27.617878,27.640501,27.6511421,27.6694069,27.6443481,27.6989326,27.6654282,27.6244602,27.6411228,27.6583958,27.6593266,27.6847858,27.6311741,27.6673927,27.7169476,27.6498909,27.6364937,27.7374058,27.6632233,27.668375,27.6862793,27.6671314,27.7103024,27.7015667,27.6836929,27.6814995,27.6966381,27.6868496,27.6752167,27.7012062,27.7003651,27.6747456,27.7118473,27.6927605,27.6930618,27.6995831,27.6938324,27.7044125,27.6843758,27.6667805,27.7038021,27.7107944,27.6767197,27.7100334,27.6676731,27.7117767,27.7114449,27.6862888,27.6781425,27.6959667,27.7534256,27.6394806,27.6556797,27.7457905,27.7400303,27.7270164,27.7106953,27.7228489,27.7260132,27.7333679,27.7061958,27.7145329,27.7387276,27.7287388,27.7404022,27.7272854,27.7489872,27.7306938,27.7640457,27.7349205,27.7230682,27.7196903,27.7152748,27.7259731,27.7383366,27.7483368,27.7649574,27.7757683,27.7128983,27.6817493,27.6937428,27.7681141,27.7245293,27.7305241,27.7165852,27.7539673,27.7761993,27.7253227,27.7181797,27.7566414,27.7519646,27.7243099,27.7333775,27.7349415,27.7645779,27.7485065,27.7175598,27.7475853,27.7806263,27.7244606,27.7234993,27.7752876,27.7605495,27.7301922,27.7704487,27.7429562,27.7963676,27.7623825,27.7229786,27.7307224,27.7741146,27.7188702,27.7430553,27.8508015,27.7547894,27.7652588,27.7552299,27.7660503,27.7822895,27.7951355,27.7358227,27.767704,27.8080292,27.7698669,27.7505817,27.7975903,27.7624836,27.7510319,27.710535,27.7734432,27.769516,27.8524055,27.7745552,27.8148727,27.8201027,27.7636356,27.7644768,27.805975,27.7748165,27.7546577,27.786499,27.7800961,27.7830429,27.7973289,27.7529755,27.7681847,27.8068771,27.7537174,27.7263451,27.7964878,27.7659893,27.7550793,27.7584858,27.7541676,27.7747173,27.7429352,27.75453,27.8034019,27.8365021,27.7810097,27.7523937,27.7964573,27.7640266,27.7703686,27.7691574,27.798912,27.7921391,27.821825,27.7737255,27.809782,27.8096828,27.795927,27.8015671,25.2327061,25.2296391,25.2399502,25.3882828,26.334919,27.3503304,27.5687637,27.3755188,27.1512718,27.1382961,27.3667316,27.6404705,27.6913586,27.6282883,27.5668526,27.5469627,27.63974,27.7472343,27.6930504,27.6611919,27.6692162,27.6548595,27.6627235,27.6965771,27.6905975,27.675848,27.6579247,27.6482067,27.7017574,27.6906872,27.7043514,27.6777325,27.6930904,27.6880016,27.6933613,27.7635555,27.7994537,27.7224674,27.6829815,27.6673946,27.7419529,27.7073689,27.6747761,27.7014771,27.7863884,27.7213554,27.6619129,27.6676331,27.7042828,27.6835747,27.694334,27.6789551,27.6901855,27.7795544,27.6633949,27.6746464,27.6972599,27.7061558,27.6954861,27.7005043,27.723299,27.6836548,27.7316437,27.7076607,27.7124577,27.7219868,27.6958256,27.7107048,27.7617512,27.7290287,27.7064056,27.7400093,27.7173977,27.7354813,27.7116165,27.6820393,27.7309532,27.7530441,27.7066383,27.7223053,27.7699986,27.7659187,27.7263241,27.7460213,27.7523346,27.7453499,27.7020683,27.7129383,27.7164669,27.8159847,27.7024193,27.7270451,27.7544861,27.7723026,27.7299614,27.7270966,27.7216854,27.7406406,27.7907066,27.7058048,27.7510128,27.7745743,27.7518234,27.7384167,27.7655888,27.7799473,27.7236099,27.7641869,27.7287083,27.7628136,27.7409725,27.7399006,27.7733955,27.7774715,27.7069969,27.6953564,27.8219452,27.7553806,27.6869392,27.7314358,27.7575436,27.7767601,27.7436275,27.7375546,27.7735138,27.8585663,27.7245922,27.7415123,27.7922287,27.765358,27.7564716,27.7708683,27.7719421,27.7755871,27.8379059,27.7580357,27.7671013,27.7607307,27.7797565,27.7711391,27.7850151,27.7894039,27.7656193,27.8541985,27.7878227,27.7832127,27.7686558,27.7562218,27.7910976,27.7982101,27.7525444,27.7406406,27.843708,27.7601471,27.7461224,27.7431355,27.7723637,27.7628536,27.7852955,27.7684135,27.7633457,27.8610306,27.7575035,27.7153835,27.7694359,27.7989025,27.7583656,27.7764893,27.7850361,27.7974396,27.8752861,27.7664604,27.8011456,27.7927704,27.7781048,27.7766685,27.7846146,27.8215961,27.7720814,27.8336983,27.8003159,27.7956657,27.7984219,27.771801,27.7983017,27.8102856,27.7863979,27.7617416,27.7999134,27.8405514,27.8012066,27.7540951,27.8156548,27.8223686,27.785265,27.8066673,27.8117352,27.8593674,27.7952747,27.8397408,27.8323669,27.8465633,27.7908268,27.806776,27.8381386,27.8540668,27.9044323,27.8419151,27.851162,27.827446,27.8195229,27.8160458,27.877512,27.8820801,27.8494587,27.9018879,27.8457108,27.8229675,27.8342209,27.8236485,27.8637257,27.8482151,27.8147125,27.7876205,27.9190903,27.8142929,27.8229885,27.8112564,27.8469048,27.8236198,27.8293381,27.82374,27.8522148,27.8865986,27.8229275,27.8192406,27.8400803,27.8421936,27.8090839,27.8109455,27.8436966,27.8470955,27.8857765,27.9351006,27.9217968,27.8723621,27.8608303,27.8305721,27.8250923,27.8386269,27.8767605,27.9962082,27.9059868,27.8630543,27.803772,27.8336277,25.2649975,25.2515316,25.2447891,25.3885422,26.3309231,27.2791557,27.6157742,27.4143715,27.1453304,27.2400818,27.4267254,27.7296906,27.7847443,27.7281284,27.6296101,27.5852375,27.6717892,27.7435265,27.9642963,27.7200432,27.7069664,27.694313,27.7059345,27.7266769,27.7484951,27.7464638,27.7051945,27.8202724,27.7177086,27.7331963,27.7490273,27.7361145,27.7530441,27.7675037,27.7456093,27.7643566,27.8714504,27.7566338,27.7502995,27.780407,27.9070168,27.8036613,27.7173462,27.7238102,27.7449493,27.8737354,27.7786427,27.7227974,27.7640057,27.7644272,27.7600193,27.7424164,27.7569408,27.8003063,27.9291687,27.7838039,27.816906,27.7712002,27.7538967,27.728138,27.7781734,27.7506504,27.7506008,27.856472,27.7483463,27.7623825,27.7850266,27.7739754,27.7681847,27.7818489,27.7486382,27.7583141,27.8589153,27.7845955,27.7892132,27.78269,27.7763309,27.7537766,27.7430363,27.7518635,27.7472038,27.9662609,27.7716293,27.6972504,27.7478657,27.7547092,27.7440071,27.7615814,27.7889748,27.7649078,27.8349018,27.7678738,27.7489586,27.7504005,27.7548676,27.712719,27.7790833,27.7452602,27.7782726,27.8639259,27.8231888,27.8160648,27.7972908,27.7834015,27.7974892,27.7933025,27.7634754,27.7659607,27.9231186,27.8292599,27.8077888,27.8148537,27.7924404,27.8042431,27.8110046,27.7610817,27.7937126,27.8791046,27.7604389,27.7810383,27.8201828,27.7956161,27.7724628,27.7875404,27.8033504,27.7795658,27.8605309,27.7233391,27.8212643,27.809433,27.7670727,27.7693863,27.7613411,27.8007755,27.7509022,27.8422642,27.7994442,27.8140411,27.8163757,27.7789555,27.816906,27.7989616,27.7798061,27.8007164,27.8455715,27.8052444,27.7681046,27.7468739,27.8171768,27.8045025,27.7673836,27.7972488,27.8278465,27.9110641,27.8160458,27.7938728,27.7980614,27.8158531,27.8091412,27.8039932,27.7884426,27.8118477,27.9020786,27.7935829,27.822588,27.8219662,27.8215046,27.8310032,27.8236599,27.8355827,27.8391781,27.8960075,27.822607,27.8214035,27.7670422,27.8104744,27.8527031,27.8268661,27.7798157,27.7595787,27.8990231,27.8176079,27.8292408,27.7800961,27.826664,27.8485165,27.7915287,27.8267365,27.8373451,27.9074898,27.8062153,27.7946243,27.8201828,27.8466835,27.8125687,27.8237286,27.8384781,27.8348408,27.8502293,27.8365726,27.8383484,27.8314133,27.8070297,27.8580933,27.8743362,27.88241,27.8499298,27.8765106,27.8879814,27.8708382,27.8501797,27.8296318,27.8788242,27.882,27.8492279,27.8473454,28.003933,27.9232197,27.8774014,27.8266659,27.8401108,27.8664417,27.8620129,27.8331871,27.8604698,27.8491879,27.8710785,27.8562126,27.8561001,27.8659687,27.8207035,27.8273869,27.8661804,27.8821411,27.8956051,27.8574238,27.8946857,27.8722305,27.8412132,27.8738651,27.8714905,27.8804569,27.8562126,27.8885422,27.8727722,27.8796349,27.8905163,27.8580551,27.9086704,27.9125881,27.8761387,27.8752575,27.9405613,27.9081898,27.8978806,27.8839931,25.2269058,25.2915668,25.2809696,25.3158035,26.5847454,27.3774929,27.7073097,27.4436569,27.1046028,27.2270851,27.4996128,27.7354832,27.8282871,27.7045517,27.6274967,27.6254234,27.6873703,27.7684841,27.7592373,27.7519646,27.7287884,27.7338982,27.7398205,27.7111359,27.7576332,27.7419243,27.7373257,27.7372551,27.7969589,27.7772827,27.7481251,27.7129898,27.7590866,27.7765598,27.7295704,27.7325554,27.7658291,27.7948742,27.7340107,27.7154922,27.7701569,27.7573338,27.7431374,27.7483368,27.7392998,27.7751064,27.7589664,27.7303734,27.757513,27.7738037,27.7523537,27.7394695,27.7613201,27.7465324,27.7507095,27.7468948,27.7416744,27.7841148,27.8025398,27.7543983,27.7803268,27.8059368,27.7677021,27.7803879,27.9376564,27.7763805,27.7516022,27.7749577,27.7652187,27.7983704,27.7599297,27.7724514,27.8330173,27.7860279,27.7555904,27.7559795,27.8028393,27.7571621,27.7555008,27.7707386,27.7706604,27.7919674,27.7790756,27.7492886,27.7974396,27.8157043,27.7828426,27.7724228,27.7758484,27.7981701,27.7829037,27.9757786,27.8262444,27.7963371,27.7843647,27.7314644,27.8328972,27.8267441,27.795887,27.7855663,27.8450203,27.8159657,27.7874508,27.7754765,27.8013363,27.8054867,27.7726212,27.7756462,27.7862396,27.8264256,27.7761993,27.7958565,27.7875919,27.8150826,27.7887325,27.7821102,27.7730923,27.8271275,27.8396683,27.7694569,27.8145313,27.8437462,27.7908974,27.8255138,27.8093319,27.8351707,27.8271961,27.840271,27.8607101,27.8512135,27.8407707,27.8093128,27.8710403,27.8437576,27.8014069,27.8316746,27.8819504,27.8548794,27.8476353,27.843668,27.812748,27.8540783,27.8278885,27.8090706,27.8119678,27.8782444,27.7821407,27.8096428,27.8350105,27.8031597,27.8359528,27.8657684,27.8187618,27.8098927,27.8571129,27.7942123,27.8209648,27.8348503,27.7967472,27.8038311,27.8342304,27.8161144,27.8493099,27.869997,27.8352318,27.8393898,27.8714504,27.8294506,27.8637543,27.8848877,27.8197002,27.8487282,27.9097633,27.8706074,27.8719406,27.8669815,27.8754082,27.8924084,27.8502293,27.8576336,27.887661,27.9053555,27.8606396,27.853466,27.8824215,27.8969097,27.8462925,27.862112,27.897438,27.8506527,27.8780918,27.8454514,27.8785648,27.880888,27.8511028,27.8362846,27.8926201,27.9010754,27.8475552,27.9001141,27.9141407,27.8719425,27.8770599,27.8911686,27.8683949,27.8944626,27.8626041,27.8587761,27.9233398,27.8921394,27.8830738,27.8678226,27.9226475,27.9218864,27.8986816,27.8714104,27.8887939,27.9180775,27.9060268,27.9197922,27.9127884,27.9461327,27.9006958,27.911005,27.9042816,27.8989239,27.9073982,27.8815594,27.9323158,27.9350815,27.9297218,27.9159546,27.9211044,27.8982315,27.9357414,27.9313049,27.9418831,27.9683838,27.9089622,27.9020176,27.9099636,27.9558392,27.9239101,27.9092712,28.0937939,27.9688969,27.9466324,27.9169655,27.9496288,27.9613705,27.9350414,27.9490585,27.9763584,27.9363842,27.9154434,27.9282894,25.2755489,25.3126183,25.3651371,25.5596676,26.7293301,27.6391296,27.7482548,27.4041939,27.1695271,27.3261738,27.648035,27.9693069,27.8945732,27.7688541,27.7043629,27.6911373,27.8107643,27.8560314,27.8164654,27.8029709,27.8065872,27.7800274,27.7998943,27.8007851,27.8039112,27.789465,27.7678127,27.770649,27.8076687,27.8246727,27.7726231,27.7860279,27.8278675,27.8087616,27.7665329,27.7803669,27.8203831,27.8554096,27.7917194,27.7631531,27.8063984,27.7891521,27.7885838,27.7889938,27.8136406,27.8308125,27.8279572,27.8095226,27.7846756,27.8217869,27.8010559,27.8130398,27.8195419,27.7938232,27.7949352,27.7955952,27.834671,27.8352604,27.842104,27.8237782,27.8506527,27.8203812,27.785738,27.8368645,27.8468533,27.8445683,27.8147926,27.8265858,27.8290691,27.8648777,27.8003559,27.8307228,27.8647079,27.8872719,27.8459206,27.8385963,27.8537464,27.8381367,27.8273964,27.8434277,27.8310223,27.8710194,27.90308,27.9624634,27.8791256,27.8696766,27.8795242,27.8272667,27.8447895,27.8712006,27.8397808,27.8646965,27.8848648,27.8615017,27.8353729,27.8545685,27.8621025,27.8876801,27.8589859,27.8304939,27.8715,27.8423252,27.8394604,27.8268356,27.8938522,27.8279972,27.8556099,27.8507309,27.8291206,27.8767719,27.8201618,27.8489075,27.8313141,27.8401108,27.8495579,27.8464031,27.8716908,27.8602581,27.8874798,27.8102741,27.8851757,27.8705177,27.8279285,27.8227787,27.8554096,27.8421841,27.8141003,27.8644066,27.8781433,27.8857269,27.8724937,27.8710098,27.8999138,27.8982716,27.8656197,27.8400002,27.8903255,27.9720917,27.8712006,27.8755283,27.8899956,27.9096127,27.8640366,27.8825703,27.8838043,27.9185181,27.9311733,27.8627949,27.8749371,27.9062061,27.8876419,27.8506298,27.8522644,27.9115067,27.9061565,27.8494682,27.8548183,27.876379,27.8865585,27.8778133,27.8912563,27.8947849,27.8861198,27.8921394,27.925251,27.916256,27.8887615,27.9069977,27.9415245,27.8893738,27.9107265,27.9082603,27.9376469,27.9398994,27.8765202,27.8863487,27.9349003,27.8976307,27.9068165,27.9336891,27.9265347,27.9353714,27.9091015,27.9123287,27.9159946,27.9410133,27.9316044,27.9178486,27.9321651,27.9192791,27.9480076,27.8891525,27.9289093,27.9285488,27.8897953,27.9139519,27.9327774,27.9121761,27.9271774,27.9771214,27.8958054,27.9589577,27.9474545,27.8949356,27.9149113,27.9045925,27.8983402,27.8987522,28.0281582,27.9122276,27.8922005,27.9067268,27.9347706,27.9474545,27.918539,27.9189491,27.9360523,28.0245113,27.9292507,27.9242001,27.9432774,27.9515724,27.9489784,27.9217663,27.9790554,27.9742241,27.969698,27.9582253,27.9570332,27.9530258,27.9409523,27.920805,27.9583244,27.9588261,27.9481068,27.9867897,27.9707184,27.9619713,27.9345398,27.9440289,27.9682846,27.97122,27.9626217,27.9481678,27.9837627,27.9905987,27.9729538,27.944849,27.9507027,27.9865475,27.9305134,27.9417744,27.9496384,28.0001945,27.9719906,27.9704189,25.233017,25.2598476,25.3020172,25.4345798,27.0666504,27.7195129,27.8518829,27.3912582,27.1221657,27.3382473,27.6339684,27.9043427,27.8688755,27.7882328,27.7085915,27.722496,27.7895756,27.8409615,27.8246326,27.8124771,27.8506203,27.8244209,27.7847767,27.8395996,27.8426056,27.8108654,27.8131886,27.8095112,27.830864,27.9101944,27.8180885,27.8143826,27.8398209,27.8514118,27.803051,27.785326,27.8370152,27.8616829,27.8443699,27.8124981,27.8600197,27.8351116,27.8035011,27.7774029,27.7862377,27.8185806,27.8388882,27.9482651,27.8771801,27.8161049,27.7845764,27.8165359,27.868927,27.8399105,27.7994938,27.8165569,27.936554,27.8511715,27.7944946,27.8190212,27.8696079,27.8497982,27.8086891,27.8236294,27.8240204,27.8807678,27.8319054,27.8081417,27.8264046,27.8261223,27.8368053,27.8239803,27.8164959,27.8176289,27.8363647,27.7957363,27.8491688,27.8428364,27.8168678,27.8224964,27.8408203,27.8249226,27.8188705,27.8122387,27.8328266,27.8134384,27.8238697,27.8031712,27.8293209,27.7720718,27.7867699,27.8000946,27.8513718,27.8626442,27.8056259,27.8019772,27.8396893,27.8522034,27.8338299,27.8549385,27.8744068,27.8893738,27.8619614,27.8451309,27.8657188,27.8626022,27.8426151,27.8657608,27.8538456,27.8648472,27.8582954,27.837265,27.8624725,27.8427258,27.8873501,27.8624935,27.8759289,27.8832035,27.8605595,27.9448719,27.8848743,27.8603497,27.8759499,27.8294411,27.8601894,27.9055347,27.8737431,27.8719425,27.9225063,27.8916092,27.8986416,27.8311043,27.8905258,27.8659496,27.8707104,27.8531857,27.9043827,27.9137306,27.8861675,27.8750877,27.8960171,27.8690853,27.8731747,27.8659496,27.8758793,27.9023895,27.9015961,27.8807087,27.8560715,27.8659191,27.8568935,27.8858376,27.8696976,27.9093037,27.8763294,27.9181995,27.8704586,27.8626022,27.832777,27.8513222,27.8552799,27.9111652,27.8477039,27.8990021,27.9010773,27.8973694,27.8796864,27.8982201,27.8897953,27.9284191,27.8786526,27.8762894,27.9195423,27.9206543,27.8959351,27.8887939,27.8783436,27.9104443,27.8616009,27.8783531,27.9119263,27.8793564,27.9386177,27.8523445,27.8867493,27.912838,27.8888645,27.8657799,27.8920708,27.9076881,27.8802567,27.8766804,27.8682842,27.8984528,27.8655281,27.8968296,27.8897743,27.9127388,27.8697662,27.8783436,27.9438972,27.8867607,27.8973694,27.8875313,27.90798,27.9121571,27.9267368,27.8970394,27.9350204,27.9090805,27.8940639,27.9024696,27.9092426,27.9130096,27.8893642,27.8964977,27.9156132,27.9222355,27.9072781,27.886179,27.9221172,27.9115067,27.8863583,27.8829422,27.9255238,27.9142418,27.9817009,27.9902954,27.9171467,27.9143829,27.8987331,27.9265442,27.9549885,27.9383774,27.9285393,27.9857578,28.0452099,27.9502201,27.9666214,27.9336987,27.9498882,28.0243511,27.9420147,27.9388599,28.0165749,28.1061363,28.0725613,27.9762402,27.9576836,27.9336281,27.9451809,27.9648476,27.9681835,28.0415249,27.9605694,27.9130688,25.2483253,25.2594872,25.4244308,25.5905266,26.5367146,27.4389687,27.6890545,27.4255219,27.2429562,27.3049641,27.5522423,27.8372459,27.8194313,27.7506409,27.6782246,27.6725616,27.7543087,27.8315945,27.8324661,27.8077297,28.0456619,27.8180599,27.7811584,27.8081303,27.8475037,27.8585567,27.8094425,27.8039722,27.8020382,27.862463,27.7855263,27.787611,27.8108349,27.8031616,27.7979908,27.8284988,27.8390274,27.8642178,27.8811874,27.8029099,27.8082905,27.8538952,27.8440781,27.7622833,27.8150539,27.8251228,27.7995434,27.8440075,27.8141823,27.8193398,27.8196926,27.8287792,27.8423157,27.8733025,27.8184204,27.8041325,27.948988,27.8391094,27.8115768,27.8521042,27.9078484,27.877121,27.861351,27.821125,27.8642578,27.9134293,27.8645668,27.8708591,27.8954468,27.8572636,27.8628235,27.8375759,27.8973083,27.8949356,27.9130096,27.8585167,27.8528442,27.8484974,27.845541,27.8426743,27.8694668,27.8693867,27.8404713,27.8563519,27.8652172,27.8817406,27.8726425,27.8596592,27.8693657,27.8479042,27.8685055,27.8602982,27.904623,27.8677635,27.8729935,27.8385162,27.8516426,27.8812504,27.8227482,27.8749275,27.9137993,27.9326763,27.8826809,27.8672123,27.8741951,27.8961067,27.8770905,27.8649578,27.8747463,27.8799973,27.9683437,27.8987312,27.8655396,27.9105244,27.8739548,27.8961964,27.8556995,27.9107151,27.8452206,27.8626137,27.9087906,27.8917198,27.8954563,27.8801155,27.9293003,27.8791733,27.8775139,27.8695068,27.9437485,27.8835526,27.8846245,27.8682041,27.9009151,27.9265652,27.8620415,27.9061069,27.9028397,27.9469929,27.8842545,27.8638363,27.8943634,27.8787842,27.897831,27.915453,27.8963776,27.9093513,27.9283581,27.8673229,27.8792038,27.9050941,27.8988228,27.9080296,27.8911476,27.8943634,27.8803158,27.9360237,27.8866882,27.9056644,27.8969879,27.9174175,27.955801,27.9257946,27.8944721,27.9204044,28.0112648,27.9387779,27.9333782,27.9139919,27.9035835,27.936554,27.890274,27.9037418,27.9241104,27.9827518,27.9131794,27.9166451,27.9243603,27.9413834,27.9453716,27.9438763,27.9737053,27.963274,27.9701481,27.9234085,27.9374065,27.9390297,27.905344,27.9112663,27.9393291,27.9651871,27.9461823,27.957262,27.9485874,27.9270153,27.9376678,27.9357529,27.9712601,27.9708481,27.944088,27.9709797,28.0042133,27.9713001,27.9337482,27.938467,27.9540062,27.9238205,27.9717407,27.939991,27.9940624,28.0251522,27.9995232,27.980547,27.9911289,27.9756374,27.9771919,27.9864693,27.9848156,27.9907589,27.9867687,27.9632854,27.9766102,27.9757271,27.9355316,27.9645977,28.0084991,27.9868202,27.9645672,27.9428043,27.9741745,27.9792442,27.9319553,27.9597588,27.9737835,27.9530354,27.9816093,27.9512615,27.9941635,27.9830322,27.9606705,27.9450207,27.9755573,27.9755077,27.9940224,27.9817905,28.0711403,27.9696465,27.9538765,28.0022793,28.0290585,27.9919605,28.0208454,27.9568005,27.9486485,28.0488567,27.9733334,27.9635754,25.2941227,25.2929897,25.372261,25.5869598,27.1399097,27.7966881,27.8418827,27.3647976,27.1971607,27.3933716,27.709343,27.9984016,27.8892841,27.785778,27.6949234,27.7988529,27.8469944,27.9164562,27.8770599,27.8294716,27.925293,27.8782635,27.8819313,27.8881016,27.8863583,27.8564415,27.8690357,27.8534164,27.8517838,27.9462128,27.8622837,27.8614426,27.8745041,27.8839741,27.8637352,27.8686848,27.8697968,27.8918076,27.8757591,27.868124,27.9118767,27.8824711,27.8943939,27.8367748,27.8654099,27.8632145,27.8843155,27.8862171,27.8659401,27.8818493,27.8274479,27.8470135,27.8725014,27.8502197,27.8814182,27.8847561,27.9023495,27.9063873,27.8397694,27.8651276,27.9173679,27.8599777,27.8353729,27.8624325,27.8875618,27.9930115,27.9088402,27.8598785,27.9242001,27.8969193,27.8514118,27.8528538,27.8823109,27.8997746,27.9211941,27.8604298,27.8555794,27.8729935,27.8632641,27.8729439,27.899332,27.9102135,27.9037418,27.9240093,27.9330578,27.9276066,27.8917389,27.8863583,27.9113255,27.9161854,27.8854275,27.8801365,27.9268742,27.8824425,27.8824902,27.8727627,27.9059753,27.9367447,27.9115162,27.9094925,27.9283695,28.015604,27.9168968,27.8885822,27.9061775,27.8990021,27.9055557,27.8702888,27.8947754,27.8938026,27.9208641,27.9005451,27.9282589,27.8997936,27.8823109,27.8982029,27.9359818,27.9531555,27.9165363,27.9464531,27.9410019,27.9167366,27.9120579,27.8870716,27.9007244,27.8967876,27.8841743,27.9123383,27.9525948,27.9337082,27.9007244,27.9252625,27.9369354,27.9112968,27.9079094,27.9350719,27.9237003,27.9771805,27.9269562,27.9202538,27.9226685,27.9244099,27.9088211,27.8976612,27.9328461,27.9172878,27.9496078,27.9066277,27.9158154,27.9386578,27.9169064,27.9363232,27.9323654,27.9059467,27.9391994,27.9755878,27.9293289,27.9492493,27.9599781,27.9452209,27.9267941,27.9517937,27.9419041,27.9284782,28.0432663,27.982481,27.9699574,27.9458714,27.9679737,28.0239182,27.9632149,27.9469242,27.9882011,27.9820099,27.9688263,27.9830723,27.9780521,27.9776821,27.959507,27.9790363,28.0000858,28.0170765,28.0624237,27.9546375,28.0037613,27.9910278,27.9723625,27.9846249,27.9878407,28.0034294,28.0079498,27.9777412,27.9838047,27.9676933,28.0005569,27.9679127,27.9928417,27.9888821,27.9624538,27.9987831,28.1629124,28.0160446,27.9892845,27.9483166,27.9844246,28.0022087,27.97649,27.9669514,28.0177975,28.0106544,27.9688168,27.9631042,28.0240307,28.0165462,27.9802055,27.9824104,28.0133801,28.0312023,28.0085812,27.9815483,27.9773712,27.9831314,28.0018978,27.9930725,27.9855556,28.0066166,28.0005054,27.9944057,27.9976006,27.9803963,27.9969482,27.9757271,28.0125389,28.0273762,27.9979916,28.0524254,28.0071201,28.0179195,27.9933739,27.9887447,28.0045853,28.0135326,27.9835758,27.9912682,28.2907085,28.0836754,27.9830933,27.9604111,27.983305,28.0696888,28.0159264,27.9789257,28.0086727,28.0842247,28.0014191,28.0021801,25.2723026,25.2783737,25.3778038,25.5812283,27.2830849,27.8499508,27.8338509,27.4153843,27.1715622,27.4087029,27.7480564,28.1285191,27.9476376,27.7927628,27.7215462,27.7287292,27.8704014,27.9175797,27.8858585,27.8572159,27.9162769,27.8805294,27.8824329,27.8767719,27.9385796,27.9133415,27.8889065,27.903141,27.9148254,28.0331879,27.9184017,27.8827229,27.9376373,27.9365368,27.8797779,27.9032211,27.8998966,27.9050961,27.9120083,27.8679352,27.8739052,27.8813801,27.8897667,27.8543606,27.9045544,27.9237404,27.8992558,27.9439888,27.9217682,27.9308548,27.9276485,27.9022713,27.9195023,27.9181004,27.9021397,27.8736744,27.9185505,27.9118996,27.8834953,27.9070396,27.9608002,27.9291306,27.9263973,27.9041538,27.9267063,27.9769115,27.9452114,27.8788052,27.9206944,27.9305134,27.9011593,27.8874111,27.9163361,27.9210968,27.9076309,27.9051762,27.9100857,27.9294319,27.9127789,27.8871727,27.9552402,27.9460735,27.9299812,27.9404449,27.9051342,27.9307556,27.9006462,27.9212666,27.9526062,27.9247723,27.9578266,27.9462929,27.9700699,27.9442596,27.8865891,27.9038925,27.9444408,27.9328594,27.9000244,27.9280891,27.9276695,27.9769516,27.923521,27.9221077,27.9127102,27.9223289,27.9168282,27.890358,27.9520149,27.9913998,27.9650593,27.8857784,27.9140625,27.9520855,27.9091835,27.9298229,27.9233913,27.9351711,27.9355431,27.9585762,27.9221573,27.944561,27.9020596,27.9095745,27.9351025,27.9375877,27.8981533,27.9093838,27.9737263,27.9332485,27.9355831,27.9400311,27.9347515,27.9454823,27.9048843,27.9190521,27.9038124,27.9783459,27.9177608,27.9295921,27.9529858,27.9291821,27.9538383,27.9538994,27.9811497,27.9630966,28.0824738,28.0129395,27.9944057,28.00214,27.9838161,27.9519043,27.9876633,28.0150948,27.9964886,28.0163479,27.9798374,28.0148335,28.0099049,28.0004387,27.9812088,27.9710522,27.9674644,28.0145035,28.1334991,27.9906788,27.9484787,27.98592,27.9991856,28.0248833,27.9670429,27.9871712,27.9871006,27.9966202,27.9734859,27.9620132,27.9631271,27.9568348,27.9592075,27.9920101,27.9976521,28.0016479,28.1089039,27.9503117,27.9981232,27.9813004,28.011898,28.0288219,28.0251236,28.0427074,28.0537186,27.9886532,28.0102768,28.0117989,28.0075092,27.9952965,27.9956589,28.0259361,28.0411739,28.0541496,28.0378189,27.9991245,28.0110073,28.0001869,28.0514431,28.0415554,28.0264263,27.9856186,28.0131111,28.0267773,27.9892464,28.0113983,28.0341301,28.0122204,27.9746361,27.9840851,28.0243111,28.1144543,28.0472164,28.0215073,28.0363655,28.0183811,28.0114994,28.0460415,28.0402527,28.1126404,28.0633259,27.9860401,28.0079193,27.9852772,28.008873,28.0026817,28.0114975,28.041235,28.0376263,28.046154,28.0414047,28.0329475,28.0126095,28.0153751,28.0502911,28.03895,28.0062389,28.005106,28.0637264,28.03866,28.0579567,28.0062771,28.0335903,28.1188602,28.0602207,28.0361042,28.0410957,28.0661507,28.0306244,28.0371075,25.298893,25.3471642,25.3492584,25.6686478,27.00247,27.8194027,27.9071198,27.4249744,27.2423267,27.4157562,27.7393608,28.1129017,27.9537983,27.8091927,27.7002773,27.7984638,27.8856773,27.9275799,27.9160957,27.8472462,27.8938847,27.913763,27.8891754,27.9112186,27.951664,27.9155655,27.8836956,27.8747673,27.9013882,27.9579868,27.8896866,27.901329,27.9288006,27.9122505,27.9003277,27.9004555,27.9019203,27.9378872,27.9376984,27.9017982,27.9144249,27.9007072,27.9270973,27.9023418,27.9340992,27.9072304,27.8995838,27.9746284,27.9276371,27.9269772,27.9091949,27.9244614,27.9399223,27.9097633,27.9043331,27.897953,27.9763813,27.9535465,27.9429169,27.9238815,27.9690666,27.9424171,27.9340515,27.9611416,27.9475365,27.9455128,27.9307842,27.9415665,27.9529457,27.9989738,27.97579,27.955822,27.9676857,27.9207649,28.0514336,27.9649792,27.9561329,27.9102764,27.9270363,27.9594593,27.9242935,27.9689865,27.9627743,27.9443111,27.9729557,27.9682255,27.9820023,27.9413452,27.9815311,27.9750481,27.9352531,27.9501801,27.9943962,27.9527664,27.9345417,27.9357452,27.9586372,27.9596786,27.9309368,27.95998,28.0183506,27.9782753,27.9426651,27.9390011,27.9459534,27.9122505,27.9521046,27.9707508,27.9529667,28.0014191,27.9799271,27.9458542,27.9666538,27.9643784,27.9514141,27.9421253,27.9736347,27.9669647,27.9853783,27.9396515,27.9572449,27.9582977,27.9521656,27.9421349,27.9470253,27.9427471,27.9347324,27.9562531,27.9556637,27.9717827,27.9597397,27.9675541,28.0126591,27.9738846,27.9596405,27.9762917,28.0458527,28.0007172,27.9770622,27.9748993,28.0059566,27.9863892,27.9546299,27.9806404,27.9950352,28.0624447,27.9836655,27.9910698,28.0006161,27.9927425,28.0174007,27.9880028,27.9743881,28.002861,28.0728149,27.9840355,27.9726734,27.9814396,27.9248829,27.9707508,27.9979916,28.0162373,28.0241222,28.0385189,28.0414448,28.0004463,27.9836254,27.9778042,28.0387497,28.0312252,28.0232296,28.0064888,28.0133018,28.0439491,28.0025005,28.0229282,28.0699997,28.0162277,28.0223083,28.0391693,28.0501614,28.0684166,28.0407333,28.0242119,28.0352535,28.0429478,28.0144539,28.0071793,27.9841156,28.0257454,28.0421162,28.0044231,28.0372562,28.0319672,28.0118179,28.0146141,28.0490799,28.0519638,28.0267982,28.0686054,28.0794487,28.0463428,28.0254345,28.0143833,28.0614338,28.0474167,28.0689373,28.0765209,28.1001053,28.0515347,28.0413342,28.0352421,28.0578156,28.0430889,28.0187225,28.0197144,28.0555305,28.0834446,28.0260162,28.0472946,28.0887947,28.0583382,28.0656509,28.0313854,28.0512543,28.0662003,28.0402126,28.0339508,28.0321064,28.0485687,28.0588188,28.0632973,28.0593987,28.0508423,28.0788651,28.0547695,28.0769825,28.0067883,28.0810909,28.0767117,28.0391598,28.0556202,28.0562725,28.066782,28.1788464,28.1431179,28.0839958,28.070261,28.0861893,28.0910091,28.0904789,28.0580254,28.0937042,28.1344318,28.0381985,28.0263176,25.2995758,25.4163361,25.3633442,25.5325489,27.2299328,27.8812714,27.9466057,27.4763203,27.2246017,27.4751186,27.999836,28.040823,27.9501228,27.8697796,27.7536678,27.811327,27.8895855,27.9500122,27.8963394,27.9521446,27.8593998,27.9274979,27.9142036,27.9079628,27.9134426,27.8829231,27.8894463,27.9342918,28.0135918,27.9109879,27.8942051,27.9021091,27.9180794,27.9464931,27.9500904,27.9099331,27.9626255,27.9878235,27.9073582,27.9204159,27.9262066,27.9386597,27.9309654,27.9228096,27.9562626,27.9024715,28.0404835,27.9760818,27.9165974,27.9458027,27.9527855,27.9503517,27.9531975,27.9462032,27.9410648,27.9437885,27.9503918,27.9555511,27.9307442,27.910326,27.9552612,27.9424763,27.9553814,27.9234009,27.9921207,27.939621,27.8981724,27.930624,27.9364052,27.9638081,27.9017696,27.9314461,27.9425964,27.9794178,27.9624958,27.9464245,27.9324284,27.9255753,27.9440308,27.9269466,27.9256935,27.9627953,27.9383488,27.9308243,27.9489479,27.9695091,27.9759712,27.9352417,27.9375381,27.9207458,27.9366741,27.9558411,27.9574356,27.9785156,27.9714813,27.9548206,27.9763527,27.9793072,27.9990635,27.9641876,28.02285,27.9811401,27.953598,27.9527168,27.9802685,27.9686756,27.9658413,27.9524059,27.9598198,27.9558716,27.9252243,27.9723034,28.1558418,28.0022297,27.9568748,27.9170475,27.9477863,27.9830647,28.0810204,27.9506912,27.953968,27.9363441,27.9877148,27.9582462,27.9848671,27.9631653,27.9250336,28.019062,27.973135,27.9783344,27.95965,27.9641476,27.9563637,27.9608803,27.9715939,27.9788666,28.1068573,27.9895153,27.9636173,27.9714508,27.9682751,27.9486561,27.9640388,27.9802399,27.9819908,27.9989738,27.9906273,27.9302025,27.9826336,27.9725037,27.9382687,27.9440804,27.9866104,27.9943542,28.0612335,27.9703102,27.9683952,27.9875431,27.9750385,27.9598694,27.9973507,27.968586,28.0145149,28.0777435,28.006979,28.0068207,27.9643974,27.9595795,27.9947662,27.9892063,28.0002861,27.9965591,27.9988441,28.0048943,27.9782753,27.9821014,27.9988136,28.0105953,27.9637566,27.939291,28.0668526,28.0118694,28.0112476,27.9869118,28.0137234,28.0177803,27.9959087,27.9909687,27.9896679,28.0688362,27.9688759,27.9817829,27.9953575,28.0040646,27.9832535,27.9722538,28.0101967,27.9956684,27.9770222,27.9668636,27.9805489,28.0169888,27.9810791,27.9649296,28.0141125,28.0277195,28.0051765,28.0241013,27.9747887,28.0043736,28.0053654,28.0153961,28.0375061,27.9898567,27.9970894,28.0025711,28.0026608,28.0287304,27.9863701,27.9714813,28.0029106,27.9948883,28.0092621,28.0104065,28.0111275,27.9950466,28.0108776,27.979557,28.0133305,28.0301037,27.9978828,27.9835949,28.0336609,28.0376587,28.0879517,28.0082722,28.013052,28.0143528,28.0262661,28.0014877,28.0119991,27.9970798,28.0127106,28.135313,28.0615025,28.0456123,28.0280991,27.9995441,28.0312157,28.0411148,28.0035534,28.0167484,28.0633659,28.0234108,28.0368462,28.0265465,25.4089127,25.3209953,25.3183098,25.4878521,26.6103554,27.6234398,27.8121891,27.5353737,27.2647285,27.37644,27.8182907,27.8884335,27.9084625,27.8293819,27.7427979,27.7535686,27.8738766,27.8948364,27.8816109,27.8965397,27.8663616,27.8622437,27.8452225,27.8747082,27.899374,27.8958683,27.8991547,27.8925419,27.9308548,27.9268074,27.9061375,27.9044952,27.9011288,27.9000549,27.9429073,27.9235516,27.9259644,27.9798985,27.9120598,27.8919296,27.889967,27.9067783,27.9127197,27.9119282,27.9406223,27.9629459,27.9259968,27.9106064,27.9228191,27.9324589,27.9277287,27.9007778,27.9417858,27.8999958,27.9122295,27.8972015,27.9233818,27.8946342,27.8690681,27.8996449,27.9124393,27.9185715,27.899004,27.9045658,27.8973808,27.9022408,27.9177094,27.9214268,27.9351521,27.9497604,27.9431267,27.9527969,27.9897461,27.9508629,27.9283714,27.9471455,27.9195042,27.9118576,27.9169579,27.9254646,27.9527969,27.9728336,27.9413948,27.9026203,27.9217186,27.9297428,27.9100361,27.9239712,27.9441605,27.9132404,27.9452915,27.9093437,27.9110184,27.9327679,27.9172478,27.8806705,27.9582462,27.9330997,27.9252148,27.9617424,27.953598,27.940052,27.9491291,27.9517746,27.9532681,27.9602299,27.9453831,27.9100647,27.9979916,27.9622536,27.8997555,27.9346313,27.9534664,27.9440994,27.9576969,27.9383984,27.9435883,28.0361538,27.9390507,27.9575748,27.9636478,27.9602203,27.9658718,27.9503403,27.9882927,27.9827938,27.9544296,27.9418049,27.9535275,27.9734459,27.9756908,27.9837952,27.9792767,27.9870415,27.9650192,27.9864292,27.9845066,27.9700489,27.9523468,27.9186211,27.9992046,27.9531269,27.9745884,27.9631653,27.9879036,27.9598389,27.9353428,27.9632473,27.979557,27.9648285,27.9567432,27.9489594,27.9880829,28.015625,27.9649086,27.9894257,27.9798985,27.9778137,27.9724731,27.9724541,28.0182915,28.0084629,27.9931049,27.9667816,28.0256939,28.0093842,28.0146847,27.9432774,28.001339,28.0111275,27.9456215,28.0026417,27.9625645,27.9388103,27.9449501,27.9213867,27.9850578,28.0064297,27.9732056,27.9693775,28.0504322,27.9879131,27.9608326,27.9665432,27.9948559,27.9735966,27.9930725,27.9565334,27.9387798,27.9893169,27.9452801,27.9876728,27.9896755,27.9917622,27.9850578,27.9899864,27.9942341,28.0153351,28.0349216,28.0244026,28.0332298,27.9842262,27.9820938,28.0147533,28.0334187,28.0276909,28.0196133,28.0774231,28.0232792,28.0321064,28.0140839,28.017149,28.0423775,28.0323372,27.9734764,27.9958477,28.0273476,28.0278893,28.0161972,28.0016708,28.0134506,28.018671,27.9925213,28.0160561,28.0647888,28.0489597,28.0042343,28.0101757,28.0532551,28.050703,28.0642185,28.0315857,28.0120697,28.0859985,28.0496502,28.0265465,28.0424786,28.0114689,28.0248127,28.0422764,28.0488987,28.0734367,28.1001663,28.0631256,28.0567646,28.0648594,28.0734768,28.0642071,28.0943356,28.0379086,28.0438194,28.0936337,28.0369663,28.060791,28.0583363,28.0529671,25.351162,25.3327675,25.3535671,25.4896755,27.2505817,27.9602203,28.0014782,27.5026302,27.2400017,27.5142822,27.7588367,27.9826431,27.9883232,27.8408432,27.7766418,27.7973518,27.9020901,27.9530678,27.9518948,27.9221478,27.8970108,27.9424267,27.9381199,27.9204559,27.9636574,27.9195137,27.9274197,27.9510822,27.9231205,27.915205,27.9028816,27.8870506,27.9240913,27.9204254,27.9091225,27.8580761,27.9596996,27.9079609,27.8886242,27.8728943,27.8984032,27.9101963,27.9010468,27.8941059,27.9377575,28.0115089,27.8900375,27.9099541,27.9232101,27.925703,27.9131603,27.8705502,27.9337807,27.9335098,27.9372158,27.8998165,27.936636,27.9455929,27.9342804,27.924263,27.9646797,27.9669228,27.9511223,28.0220871,27.9737473,27.9635963,27.9583378,27.9610138,27.9371052,27.9400616,27.9235802,27.9050465,27.9706593,27.9161568,27.9070492,27.9008389,27.9644985,27.9516144,27.9832649,27.9563427,27.9742069,27.9758205,27.9300632,27.9293213,27.9516048,27.9582367,27.9480171,27.9111271,27.9684544,27.9452438,27.9721336,27.9170971,27.9525166,27.9526958,27.8976307,27.9248734,27.9656029,27.9598198,27.968586,27.9904079,27.9875717,28.0015793,27.9308243,27.972765,27.9625759,27.9595795,27.9753895,27.9498501,27.9978104,27.9726143,27.9883137,27.9654102,27.9894466,27.9705315,27.9624844,27.9722328,27.9613438,27.9656601,27.9018593,27.9201946,27.9377174,27.9743977,27.9457321,27.9560127,27.9733353,28.0039139,27.9745274,27.9436188,27.9765205,27.9965,27.9595699,27.9452324,27.9871521,27.9695072,27.9744072,28.0061779,27.9860096,27.9990749,27.9516239,27.9373474,27.9871902,28.0054665,27.9733944,28.0183811,27.982193,28.0034237,27.9744568,27.9481773,27.9856892,27.9803696,27.9590073,27.9479675,28.0324974,27.995327,27.9598408,27.9734459,27.9901676,27.9740963,27.9382496,27.9514732,27.9887657,28.092392,27.9597988,27.9898071,28.0156155,28.0183811,28.0019188,27.9820728,27.9955978,28.011919,28.0655899,27.9784565,27.9816113,27.9679947,27.9758816,27.9545097,27.9745483,27.975359,27.9748688,28.0451126,27.9704094,27.9719524,27.9505615,27.956955,28.004343,28.0012093,28.0118885,27.9927425,28.0179291,28.0038338,27.9835052,27.9507427,28.0099964,28.0103855,27.9826622,27.9988842,28.0141811,28.0225697,27.9869003,27.969038,28.0184612,28.0165482,28.0067272,27.9832039,28.0130901,28.0171089,28.0210361,28.0023003,28.02355,28.0361652,27.9936047,28.0129719,28.0175991,28.0244427,27.9924717,27.9989147,27.9920311,28.0033722,27.9900379,27.9789867,28.0114174,28.0165176,27.9942856,28.0027714,28.1347122,28.0713329,28.0511436,28.0219574,28.0379677,28.0499516,28.0344715,27.9906483,28.0289116,28.0957184,27.9995441,28.0366554,28.0247536,28.0414047,28.0409145,28.0331383,28.0791969,28.0953064,28.0324974,28.0122089,28.0205154,28.0506535,28.0670528,28.0096455,28.0155258,28.0153847,28.0338612,28.0674534,28.0364456,28.0166073,28.0190716,28.0385609,25.3474655,25.3075905,25.3077507,25.6694279,26.9589882,27.8851376,27.9131012,27.4364853,27.267334,27.4517136,27.7491493,27.9805088,27.9531574,27.837738,27.7631969,27.8140831,27.9126682,27.9569244,27.9747887,27.891449,27.9113369,27.8918324,27.9085007,27.9042149,27.9306946,27.8988647,27.9166584,27.8930016,27.9222183,27.9045544,27.9111176,27.8914299,27.9260044,27.9285107,27.9079208,27.9301338,27.9565144,27.9328575,27.9066792,27.9155846,27.9490681,27.9431477,27.9471855,27.9340611,27.9530067,27.930975,27.9694881,27.9030819,27.941555,27.9275475,27.9041634,27.9036121,27.9310455,27.9595089,28.0171795,27.9363747,27.9176102,27.9711418,27.9594479,27.9906578,27.9937248,27.944891,27.9813519,28.0474072,27.9835644,27.9961185,27.983345,27.9901066,28.0101166,27.9684258,27.9615211,27.9859695,27.9530773,27.9919491,27.9575977,27.9208241,27.9817829,27.9707909,27.9543285,27.9657326,27.999485,27.9560623,27.9730663,27.9385986,27.9551201,27.9898071,27.9609528,27.9699688,27.9725647,27.9903278,27.9617233,27.9525452,27.9608517,27.9777222,27.9450817,27.9625549,27.9899063,27.9838963,27.9712315,27.9695473,27.9729042,27.9938545,27.9887447,27.9608517,27.9865208,27.9644203,27.9630451,27.9559422,27.9768028,27.9626446,27.9511032,27.9502506,27.9455223,27.9700985,27.9551716,27.9256744,27.985117,27.9623356,27.9552917,27.9751396,27.9889946,27.9606209,27.9635563,27.9619732,27.9895153,27.9803886,27.9937954,28.0009289,27.9899368,28.0001469,27.9902573,28.0083313,28.0039043,28.0100536,28.0248337,27.9844074,28.0098858,27.9985332,27.9756908,27.9841652,27.9986649,27.9996357,27.9903069,27.9699287,28.0324783,28.0060863,27.979147,27.9958687,28.0157757,28.0270786,28.0017395,27.9735355,28.0016594,27.9993935,28.0038147,28.0170689,28.0008984,28.0294323,27.9879036,27.9855995,28.0127296,28.1479168,28.0221272,28.0038834,28.0081024,28.0277195,28.0181503,28.0201244,28.0336494,28.0376873,28.1191616,28.0402622,28.0435696,28.0566921,28.0354958,28.0447006,28.0565224,28.036726,28.0537186,28.0506229,28.0221481,28.0218372,28.0075684,28.0185127,28.0271568,28.0100155,28.017189,28.0345516,28.0413647,28.0331287,27.9849072,27.998745,28.0363731,28.0128002,28.0227699,28.0044842,28.067625,28.0936146,28.0309639,28.0421162,28.0174789,28.0294018,28.0318775,27.9919109,28.0342522,28.1369553,28.0531063,28.0579758,28.0396118,28.0414448,28.0752182,28.0502415,28.0643597,28.0488472,28.1961002,28.0514622,28.0164871,28.0479488,28.0485783,28.0306149,28.0500927,28.0400505,28.0217667,28.0553112,28.0640087,28.0854778,28.0562725,28.0458031,28.0578461,28.06003,28.0278797,28.0295029,28.0800571,28.0776844,28.0524254,28.049551,28.0603695,28.0445118,28.0266666,28.0375767,28.0660305,28.1366863,28.0888157,28.0952778,28.0690479,28.0685768,28.02882,28.0738258,28.0640793,28.0449009,28.1429482,28.018652,28.0360241,28.0567932,28.0206852,28.0543804,25.3890648,25.3392792,25.3410435,25.6702099,27.0156155,27.9190216,27.9042931,27.4948864,27.2912483,27.4917316,27.7890759,27.9991646,27.9533768,27.8636074,27.8140125,27.8107758,27.9273682,28.0130005,27.9482384,27.9232407,27.9222775,27.9044743,27.9346619,27.9389,27.918211,27.9225883,27.9358044,27.904314,27.9161263,27.8985329,27.9208851,27.9018784,27.9188309,27.9179001,27.9113884,27.9328785,27.9518242,27.9608727,27.9173088,27.9030609,27.9580555,27.9579277,27.9275284,27.9357147,27.9767227,27.9174881,27.9184017,27.9247837,27.9247437,27.9145832,27.9338703,27.9357834,27.9841156,27.9671936,27.9128208,27.9102936,27.9541092,27.9581871,27.9318352,27.9179401,27.9642677,27.9546909,27.9413548,27.9164677,27.9312859,27.9327278,27.9669132,27.9681053,27.9759407,27.9686661,27.9915791,27.9971695,28.0004387,28.0025291,27.9737968,27.9660702,27.972084,28.0016079,27.9702492,27.9723835,28.0121098,27.9314461,27.9433575,27.9283314,27.9627743,27.9778748,27.9574757,27.9221573,27.9827728,28.0413342,27.9640388,27.9646282,27.9423676,27.9450321,27.9313755,27.9475365,27.9620838,27.9732742,28.0229702,27.9645271,27.9785652,27.9723949,27.9610023,27.9592781,27.9888744,27.9568233,28.0630264,27.993042,27.9791679,28.0021114,27.9713001,27.9548798,27.9804993,27.9679356,27.9698982,28.0481873,27.9707508,28.0080013,27.9983635,27.9962406,28.0247536,27.9833946,27.9997349,27.9864712,28.0402431,28.0016994,27.9914494,27.9584675,27.9797268,28.0251637,27.9701099,27.9693775,28.0256538,28.083786,28.0480061,28.0153961,28.0066471,28.0152855,28.0095959,27.9895954,28.0132923,28.0072098,28.0267868,27.9728947,27.9985027,28.0089836,28.0170383,27.9783554,27.9934635,27.9977913,28.0053577,28.0209866,28.0104847,28.0235195,27.9810104,28.0001278,28.0026302,27.9977016,27.9944572,27.9927921,28.0197945,27.9813519,27.9852161,27.9957485,27.9910183,28.0105877,27.9954472,27.9843578,28.0367546,28.0426884,28.0254745,28.0287418,28.0141335,27.9998856,27.9842567,28.0129795,28.0322762,28.0311165,28.0366344,27.991991,28.0029221,28.0222988,28.0302334,28.0035114,28.0307751,27.9962788,28.0029507,28.0219173,28.0408936,28.0270176,28.0327473,28.0083637,28.0107079,28.0202332,28.0295811,28.0303745,28.0878124,28.0640888,28.0462036,28.0413742,28.0902672,28.0884037,28.0499306,28.0586967,28.0558815,28.0565128,28.0591793,28.0211163,28.0187702,28.0355339,28.0506325,28.0460014,28.0455532,28.0451126,28.0226994,28.0395203,28.0811615,28.0613022,28.0582867,28.0276585,28.044241,28.0760918,28.077713,28.0536594,28.0513439,28.0528469,28.0427475,28.0334988,28.0285301,28.0644073,28.0309467,28.1113472,28.0612431,28.072813,28.0571232,28.0516949,28.0704193,28.0979614,28.0786152,28.0456123,28.0829544,28.0805473,28.0686264,28.0677643,28.1101856,28.0883541,28.0644283,28.057415,28.0821724,28.082983,28.0524654,28.0859203,28.0835552,28.0745869,28.0654202,28.0278683,25.2916794,25.2977123,25.3321953,25.6419849,27.0866604,27.9085121,27.9673443,27.5070381,27.2479877,27.4801674,27.7877522,28.0350628,27.9851875,27.9073906,27.7423363,27.8309536,27.9562321,27.9434185,27.9717426,27.9397507,27.9294415,27.9105053,27.9387894,27.9447613,27.9378777,27.9566822,27.923912,27.9183598,27.9351215,27.9469852,27.9167881,27.9238205,27.9225273,27.914835,27.9386902,27.9278374,27.9170074,27.9177208,27.8914185,27.9247932,27.9204369,27.9181614,27.9317856,27.9103165,27.9348507,27.9473877,27.9427776,27.9405746,27.9566936,27.9572639,27.9364357,27.9454021,27.9319267,27.934761,27.9438496,27.9516258,27.9743767,27.9723549,27.9718838,27.9643173,27.9311848,27.9597015,27.9597588,27.9445114,27.9684563,27.9626446,27.9343815,27.9333992,27.9673138,27.9686069,27.972374,27.9418354,27.9652214,27.9718914,27.9604015,27.9571552,27.9865608,27.997921,27.9534683,28.0630169,27.9860992,27.9965401,27.9590187,27.9558125,27.9922619,27.9651299,27.9420052,27.9379082,27.9578457,27.9557114,27.9365463,27.9317856,27.9647484,27.9489098,27.9385605,27.9438877,27.9885349,28.0586472,27.9704609,27.943779,27.9691563,27.989006,27.9593296,27.9480476,28.0273075,28.0046844,28.0741577,27.9953079,27.9622345,28.0092049,27.9304028,28.0017509,28.0267563,27.9950161,27.9744682,27.9429588,27.9641972,27.9765415,27.9548607,27.9460526,27.9530754,27.9671249,27.9625244,27.9755707,28.0029716,27.9525242,27.9610233,27.9689274,27.9645672,27.9721546,27.9733353,27.9693279,28.0303841,27.9971409,27.9630451,27.9937534,27.9836845,27.9977608,27.9728241,27.9886246,27.9700394,27.9896164,28.0617123,27.970459,27.9976635,27.9943542,27.9615726,27.9452419,27.9803181,27.9825535,28.0257645,28.0637169,27.9820118,27.9825535,27.9724731,27.9701996,27.9956989,27.9952774,27.9881039,28.0963097,27.9979916,28.0475578,27.9563732,27.9762917,27.9942665,27.9919796,27.9760303,27.9850578,28.2446918,28.0500317,27.9905071,27.9934235,28.0026703,28.0231609,27.9787445,28.0133228,28.0057964,28.2156658,28.0490589,27.9869614,28.0034027,28.0029716,27.9917908,27.9966183,28.0176105,27.9821014,28.0661602,27.9818306,27.9896679,28.0006065,27.9976826,27.9881325,27.9956684,28.0001678,27.9721622,28.1996651,28.0651207,28.0351639,27.9886246,27.9622231,28.0257854,28.0384674,28.0295715,28.0176601,28.0616627,28.0148659,28.0214062,28.0112476,28.0093555,28.0638371,28.0125599,28.0085411,28.017519,28.0183315,27.9985123,28.0108662,28.0477867,28.032999,28.0482883,28.0359249,28.0513439,28.0448208,28.0002365,27.9876823,28.0479069,28.0431499,28.0194435,28.0104942,28.0251141,28.0367279,28.0067577,28.0610123,28.0059071,28.0444508,28.0331974,28.0234413,28.057375,28.0829048,28.0354023,28.0370865,28.0840168,28.0370464,28.0306149,28.0348721,28.0592289,28.0640564,28.0561829,28.0091133,28.060421,28.0348015,28.0504837,28.0202332,28.0264359,28.0533276,28.0144634,28.0445004,25.3292618,25.3031502,25.3363552,25.4435673,26.9341011,27.7396603,27.9437275,27.5850983,27.2441883,27.4243031,27.6704807,27.9477367,27.9737644,27.8707905,27.8194637,27.8168182,27.8870811,27.8991547,27.9182205,27.88624,27.8993645,27.8888741,27.9308357,27.9415951,27.9231796,27.9085922,27.8655014,27.8897552,27.9091549,27.894846,27.8950977,27.8769016,27.9253445,28.0352936,27.9073601,27.9416142,27.9089222,27.9018593,27.9036827,27.9200935,27.9045048,27.9212666,27.9577656,27.9027405,27.9169693,27.9233494,27.9118881,27.926857,27.9148846,27.9279385,27.8943157,27.9525452,27.9073696,27.9555912,27.9304752,27.9086227,27.9341602,27.9796066,27.9197845,27.9198837,27.9980812,27.9409733,27.9501019,27.8987026,27.9401722,27.9062176,27.9029312,27.9122696,27.9216862,28.0452728,27.8830833,27.8902073,27.9346619,27.9335499,27.9152756,27.9527569,27.9659615,27.9304447,27.9984035,27.9300423,27.9120789,27.9424362,27.9152145,27.9075813,27.9521751,27.9319057,27.9144344,27.9309349,27.9242535,27.9312954,27.953968,27.9712811,27.9597797,27.967123,27.9362144,27.9367065,28.006649,27.9607906,27.9879436,27.9913006,27.984827,27.9876328,27.9451027,27.9431877,27.9615021,28.0152645,27.9689274,27.9725742,27.9830647,27.9678249,27.9248524,27.9399815,27.9334202,27.9342098,27.9606915,27.9633789,27.9914494,27.9747086,27.9576054,27.968586,27.9925213,27.9753685,27.9876423,27.9866409,27.9796886,27.9788246,27.9876938,27.9993649,27.9727249,28.0010986,27.9861393,27.9720821,28.0225296,27.9478874,27.9932137,27.9496803,27.9579678,27.9835949,27.9418659,27.9457226,27.9800987,28.0117569,27.9753895,27.9545193,27.9694786,27.9642372,27.9374084,27.9402008,27.9477062,27.9767017,28.0986443,28.0045643,28.0247021,28.0181808,27.9646587,27.9918098,27.9941044,28.0102062,27.9369469,28.0869408,28.0457134,27.9921913,28.0118599,27.9823132,28.0244026,28.0211067,28.0084324,28.0007763,28.0415459,28.0087528,28.0498104,28.0292225,28.0728855,27.9993439,27.9960899,28.0442505,28.0485992,28.0411434,28.0217476,28.0094032,28.0477982,28.0686359,28.030714,27.9683876,28.0369644,28.0474377,28.0119495,28.0179501,28.0108852,27.9797077,27.994215,27.9713516,28.0094147,28.0270367,28.0248737,27.9714508,28.0025425,28.0069199,27.9877815,28.0092926,28.045372,28.0265064,28.0091534,28.0406933,28.1053162,28.0449619,28.0413952,28.0205956,28.0173092,28.0262241,28.019413,28.010006,28.1233807,28.0146141,27.9872913,28.0259953,28.0207958,28.0341721,28.0020599,28.0037022,28.0138512,28.0939045,27.9671135,27.9789352,27.9817715,28.0032215,27.994566,27.9892845,28.0013885,27.9802799,28.0257854,27.9690971,28.0399113,27.9903774,27.9680157,27.9859886,28.0170994,28.0415649,28.0070286,27.9941254,28.0128803,28.0166283,28.0289001,28.0118294,28.0154152,27.9993839,27.9996166,28.0158958,28.1371975,28.0893364,28.0371265,28.0252533,28.0267467,28.0743484,28.0363541,28.0235901,25.3420143,25.3305626,25.3142529,25.6725922,26.9245529,27.8402328,27.9240417,27.4723721,27.2525959,27.4141922,27.7629166,27.9820118,27.9733658,27.8501301,27.7725449,27.8789062,27.9397316,27.9729843,27.9699593,27.8965397,27.9197235,27.9038124,27.8928432,27.9288902,27.9280796,27.9109573,27.8931522,27.8773022,27.9271088,27.9442101,27.9054375,27.9055653,27.9489994,27.9578457,27.9170475,27.9030819,27.9273682,27.9325676,27.9069195,27.9145336,27.8922806,27.9173698,27.9104156,27.9296818,27.9335003,27.9278984,27.9460449,27.9194927,27.9637661,27.932478,27.9245529,27.953167,27.9216461,27.9346523,27.9275074,27.9228401,27.943779,27.9683857,27.957325,27.9225006,27.9687653,27.9358349,27.9367657,27.9486179,27.9556923,27.924963,27.921236,27.9261341,27.9139023,27.9616432,27.9331894,27.941555,27.9489689,27.9601707,27.9465446,27.9255142,27.9464931,27.9597893,27.9446907,27.9383984,27.9476166,27.9334698,27.9364853,27.9123287,27.9405937,27.9705009,27.9444695,27.9465446,27.9623032,27.9940357,27.9310455,27.9442501,27.9927425,27.9905376,27.991951,27.9994259,27.9983921,27.9725552,27.9645786,27.9257145,27.9747772,27.9757004,27.9732342,27.9808598,28.0303135,28.0093346,27.9548302,27.9767628,27.9978619,27.9679546,27.9301643,27.9793167,27.9550915,28.0006676,27.9768734,27.933279,27.9762611,27.9633961,27.9633961,27.9809093,27.9958992,28.0014877,28.040123,27.9940948,27.9831944,27.9643478,27.9830837,27.9732952,27.9980717,28.0094929,27.9953671,28.0313568,28.0048046,27.9924221,27.9508228,27.963356,28.0002155,27.9935131,27.9763603,28.0037041,28.0559025,27.979187,28.0250931,27.9655609,27.9707699,27.9928417,27.956543,27.9841976,27.9842758,28.0246029,27.9781532,27.9845657,27.9940357,28.0100937,27.9943352,28.0041523,27.9861603,27.9917107,28.0090847,27.9912891,28.0022602,28.019083,28.0072803,28.0153351,28.0430279,28.0201645,28.0425072,28.0303345,28.0064087,28.0301132,28.014534,27.9953671,28.0593071,28.0308342,27.9949265,27.9849987,28.0286007,28.0052853,28.0116596,28.0109062,28.027317,28.1284008,27.991991,28.0251331,28.0045052,28.0627441,28.0315266,28.0056973,28.0186119,28.0259647,28.0077305,28.0105171,28.0255833,28.0730457,28.0865707,28.0050259,28.0228386,28.0282497,28.0220566,28.0561123,28.0566845,28.0632477,28.0383072,28.0193214,28.0404835,28.0223579,28.0397625,28.0267258,28.0699806,28.0461025,28.0274982,28.0347519,28.03862,28.0314255,28.0032215,27.9849377,28.0227489,28.0533676,28.0137024,28.0441799,28.0535088,28.0733547,28.0581379,28.0164375,28.0456333,28.0157547,28.0342617,28.0496292,28.0465946,28.069849,28.0718727,28.0320263,28.0481472,28.0541191,28.0428181,28.0731945,28.0485573,28.0348339,28.0327587,28.1137924,28.1710815,28.1371861,28.0493793,28.0700397,28.0488796,28.069519,28.0358734,28.0267372,28.1910686,28.1083126,28.0667839,28.0778637,28.1093044,28.0818005,28.0666714,28.0927925,25.3630943,25.3372154,25.3503113,25.6423264,27.1609116,28.0613937,27.9690266,27.4871025,27.2558117,27.4845467,27.8154964,28.0273685,28.0119991,27.8819923,27.847456,27.8327789,27.9552307,27.9840565,27.9610119,27.9557514,27.9575958,27.9627552,27.9579353,28.0223789,27.9476852,27.9596996,27.9483585,27.9071293,27.9590683,27.9763718,27.9477863,27.9712391,27.9818001,27.9565945,27.9496403,27.9190216,27.9400024,27.9490299,27.9313049,27.9148846,27.9533577,27.9910889,27.9463749,27.9411545,27.9674721,27.9350548,27.9265862,27.9034328,27.9201546,27.9496517,27.9505825,27.935133,27.9218979,27.9430676,27.9449329,27.9414349,27.9928036,27.9796066,27.9373684,27.9833431,27.9867611,27.9804192,27.9681854,27.9711609,28.0493698,28.0172977,27.9660015,27.9928322,28.0275192,27.9679756,27.9410133,27.9748287,27.9848976,28.0029812,27.949791,27.9457436,27.9631863,27.9692287,27.9752598,27.9648781,27.9461842,27.9941349,27.9779434,27.9634457,27.9649391,27.9695778,27.9959183,27.9945755,28.0067501,27.9983521,27.9865112,27.9695091,27.9836445,28.0220089,27.9952965,28.0051842,28.0434799,28.0285206,28.0302048,28.0060863,28.036335,28.0277786,27.9874115,28.0260544,28.0321369,28.0031223,28.0383186,28.0076618,28.0263252,28.0314255,27.9970608,28.0058174,28.0063896,28.0102749,27.9819107,27.9853096,28.015255,28.0116787,27.9796066,27.9744778,27.9849377,28.0398712,27.9909,27.9681358,27.9863701,27.9758511,28.0042439,27.9449806,27.9841652,27.9832058,28.0115089,28.0237713,28.0125904,28.0256844,28.0049553,27.9874725,27.9999542,28.0129204,28.0050869,27.9997559,28.123951,28.0622749,28.0080223,28.0148335,28.0120373,27.9929848,28.0072994,28.0182705,28.0615425,27.9999466,28.0004368,28.0237617,28.0200558,28.0427666,28.0125904,27.9985943,28.0461426,28.0809994,28.0657215,28.0112171,28.053648,28.0356731,28.0167179,28.0854187,28.0827541,28.0360241,28.0842552,28.0039845,28.0661926,28.0367355,28.0555115,28.0243816,28.0443516,28.0477066,28.0309448,28.0487995,28.0195122,28.0319061,28.1059875,27.9907093,28.053688,28.0513248,28.0256844,28.023241,28.1117878,28.0467548,28.0336494,28.0220375,28.0262756,28.0566235,28.0464649,28.0504513,28.0445118,28.067564,28.0191326,28.0224686,28.0270882,28.0387096,28.0423355,28.0059376,28.0510139,28.0603409,28.0569248,28.0523453,28.0497208,28.0621834,28.0605602,28.0596294,28.0598297,28.0377579,28.0399208,28.0871811,28.0282707,28.0492401,28.0521545,28.0459137,28.0771618,28.0798187,28.0239525,28.0301323,28.0783844,28.040884,28.0681248,28.0412235,28.0357952,28.1092033,28.077734,28.0606613,28.0799885,28.1072388,28.0468655,28.0297222,28.0549908,28.084156,28.0472755,28.0833645,28.0613937,28.0724831,28.0840855,28.0763111,28.0850677,28.0565739,28.0782337,28.0800781,28.0905876,28.0476875,28.0342808,28.0616531,28.0829334,28.0946255,28.0641079,28.0732765,28.0898361,28.1271286,28.0714607,28.0753593,25.3940639,25.3439999,25.3755283,25.6876125,26.9965687,27.9107571,27.9321766,27.5293617,27.2480164,27.4734764,27.8013973,28.0314465,28.0159664,27.9414349,27.8160973,27.8449707,27.8975906,27.942688,27.9407234,27.9722939,27.9309444,27.9615536,27.9586067,27.9540691,27.9434986,27.9427776,27.9359226,27.9332294,27.9725647,27.9599304,27.9534779,28.0022602,27.9714413,27.9722328,27.9804382,27.9573441,27.950983,27.9674034,27.9624844,27.9545097,28.0290108,27.9681664,27.9598999,27.9538383,28.0044231,27.9538975,27.9528065,27.9562836,27.941124,28.0422668,27.9500809,27.9127007,28.0593872,27.9993343,27.9726448,27.9544697,27.9625053,27.9450817,28.0850487,28.0011978,27.9695683,27.9517155,27.9513531,27.9673023,27.9713421,27.9900875,27.9631958,28.0611115,27.9796371,27.9557629,27.9778442,27.9609013,27.9720535,27.9843864,27.9970818,27.9909096,28.0227489,27.987833,27.959589,27.9985237,28.0105858,28.0230694,27.9723148,27.9573441,27.9966297,28.0764427,27.9713707,27.9561043,27.9641266,27.9744873,27.9966106,27.9695377,27.9945068,27.9841843,28.0051975,27.9735451,28.0023804,28.0022392,27.9888554,27.9766312,28.0006084,27.9815807,27.9747581,28.0731258,28.0184402,28.0004768,27.9997349,27.9823933,28.0157757,27.9898968,28.0142021,27.9851589,28.1264458,28.0718822,27.9838657,27.9754181,27.9736366,27.9578152,27.9727325,27.9464054,27.9749584,28.1046143,27.9681168,27.9739456,27.9987144,27.9987221,27.9791069,27.9611416,27.9837055,27.9738674,28.0980415,28.0181808,28.0138912,27.9967003,28.0168972,28.0018082,27.9689674,28.0299549,28.0185909,28.0189514,27.9995441,28.0030022,27.9856472,27.9939651,28.0133801,27.9892654,27.9761009,27.9884548,28.0034332,27.9932537,27.9862595,27.9374962,28.0002975,28.0139923,27.9910698,28.0113468,28.0274296,28.0095921,27.9691277,27.9996967,28.0263157,27.9992352,28.0231895,28.0252132,28.0163269,28.0634575,28.0156269,28.0343704,28.0497608,28.0384789,28.0445728,28.0283699,28.0179119,28.0218163,28.0381699,28.0560322,28.0484276,28.0657616,28.07061,28.0587177,28.0767212,28.0865211,28.0323467,28.0807896,28.0421352,28.0510941,28.0193729,28.0673141,28.0782242,28.0519447,28.0472069,28.0406132,28.0855675,28.0658302,28.0163479,28.0352631,28.0749283,28.0609818,28.0514736,28.0383492,28.0714912,28.119524,28.0286102,28.0249729,28.084507,28.0779648,28.0739365,28.051815,28.0651894,28.0836658,28.0907879,28.0489101,28.0844059,28.0824413,28.0552025,28.075058,28.0670738,28.0714016,28.0741062,28.1636181,28.0806789,28.0550213,28.0745773,28.0590191,28.1018581,28.0691376,28.0643673,28.0394611,28.1780548,28.1134911,28.0918007,28.0599213,28.102972,28.0807705,28.0500793,28.0854282,28.0817204,28.096159,28.0599689,28.0429287,28.0727539,28.0755806,28.0868111,28.1083412,28.0794563,28.1174088,28.1023407,28.0714321,28.0862103,28.0670433,28.0673447,28.0633469,28.0784454,28.0969601,28.0771236,28.1107864,25.3356934,25.3183212,25.3329582,25.6603107,26.8587475,27.8012295,27.9192333,27.5479965,27.2829628,27.485918,27.7853985,28.0146236,28.0560532,27.9297523,27.8586178,27.8986626,27.9538784,28.0140438,27.9930935,27.941925,27.9507828,27.9693871,27.9564323,27.9562435,27.964098,28.0146942,27.9851475,27.9703789,28.0032139,27.9864502,28.0013294,27.9765911,27.9880428,27.990057,27.9875221,27.9447422,27.9617538,27.9531078,27.9136715,27.9516048,27.9557419,27.9802189,27.9495392,27.9587879,27.9830532,27.9674244,27.9712105,27.9670219,27.9938049,28.060421,27.9880733,27.9939137,28.0096531,27.9882641,27.9709606,27.9500008,27.9714622,28.0046749,27.9605217,27.9752083,27.9721031,27.9647884,27.9457321,27.9404812,27.9572067,27.9894657,28.0011387,27.9494705,27.9868202,27.9944363,27.9916191,27.9790859,27.9995346,27.985899,27.9666138,28.0594292,27.9769211,27.9845562,27.9611511,27.9625854,28.0065689,28.0077705,28.0195541,27.9934521,28.0744171,28.0239525,28.0030918,27.9951878,27.9954662,27.9762917,27.984436,27.9871426,28.0368862,28.1259842,28.0112476,27.9898968,28.0424252,28.0236626,28.0192623,28.0073795,28.019022,27.9930229,28.0148335,27.9845562,28.0023804,28.0166588,27.9800377,28.0092831,27.9907589,27.9946041,27.982233,27.9885044,27.9689274,28.0000973,27.9819813,27.9992847,28.0176792,27.9846363,27.9875221,27.9921513,28.1173496,28.0484676,28.0213661,28.010746,28.0311146,28.0348701,28.0101566,27.9897861,28.0239601,28.0614128,28.0057163,28.0296631,28.0532169,28.0439396,28.0271072,28.0306549,28.0485573,28.0430183,28.0573139,28.0301342,28.0362358,28.0798988,28.0600185,28.0510025,28.0539589,28.045433,28.0226498,28.0460148,28.0350113,28.0444012,28.0751896,28.0494995,28.0613918,28.0683365,28.0528965,28.0316067,28.0616322,28.0724335,28.2032318,28.0836258,28.0018883,28.0283394,28.0352325,28.0720329,28.0729656,28.0653992,28.0549717,28.0484276,28.0770416,28.0621643,28.0891266,28.0703907,28.1207752,28.1122494,28.1689777,28.0411739,28.0622139,28.0638084,28.069006,28.0541687,28.0724926,28.0899677,28.1056976,28.1304722,28.069809,28.0729351,28.0388584,28.0398636,28.0619621,28.0653706,28.0207958,28.1268368,28.0667133,28.0325966,28.0387306,28.0258255,28.0525856,28.0362949,28.0414047,28.0606823,28.1639977,28.1110363,28.0626755,28.0471058,28.0642185,28.0768127,28.0934238,28.1027927,28.0794964,28.1055374,28.0826111,28.0824127,28.1026211,28.1011982,28.0908394,28.0557213,28.0829239,28.0923824,28.0972118,28.0970402,28.1019497,28.0706806,28.0728645,28.0841255,28.1027718,28.0900669,28.0519753,28.2090149,28.0981827,28.1228886,28.0810318,28.0726833,28.1199436,28.1016884,28.1093445,28.0878639,28.0868206,28.0848179,28.0650501,28.0742073,28.0892868,28.1074295,28.1144524,28.0938053,28.1305141,28.1629448,28.1174889,28.1232204,28.1000862,28.1176281,28.1190739,28.1301327,28.1697998,28.1253948,28.0955467,28.0877438,25.3175793,25.3416843,25.3551617,25.6746063,27.3480778,27.9385281,27.9562931,27.4720936,27.3085518,27.5405922,27.8736458,28.0574646,28.0218086,27.8938732,27.8359547,27.8664131,27.9368954,27.9933033,27.9508228,27.9329891,27.9713116,27.9473858,27.9504528,27.9563427,27.976141,27.9740162,27.9601212,27.9442215,27.9607201,28.003231,27.9628162,27.9733238,27.9747276,27.9708309,27.950161,27.9545689,27.99156,28.0044155,28.0312157,27.9561138,27.9420757,27.9627743,27.9768124,27.9602604,27.9818821,27.9468842,27.9574852,28.0362453,27.9506512,27.9889145,27.9820213,27.9771938,27.9844971,28.0049267,28.0245533,27.9862194,28.0730038,28.0210857,27.9595089,28.0128708,27.9764519,27.9969006,28.0078201,28.0028114,28.0377789,28.0148849,27.9838257,27.9987659,27.9965591,28.0215778,27.9708519,27.9507332,28.0068474,28.0085125,28.0248928,28.0163879,27.9924603,28.0014782,27.9686375,28.0017891,28.0088234,27.9972801,28.0107079,27.9995747,27.9943752,27.9889259,27.9782047,28.0007076,27.9980221,28.0196133,27.9820328,27.9478779,28.046814,28.0142136,28.0116081,27.9829025,27.9782448,28.0357838,28.0178204,28.0184822,28.0038128,28.0059071,27.9965591,28.0089836,28.0391598,28.0201645,27.9875927,28.0271473,28.0027218,28.0191135,28.0913391,27.9976902,28.0678844,28.0315666,28.0125694,27.9729843,28.021637,28.0525265,28.0171299,28.0285397,28.0295811,28.0152645,27.9775028,27.9678459,27.9909286,28.0143147,27.9988441,27.9993553,28.083395,28.0330181,28.0176105,28.0149345,28.0236607,28.0035629,28.0226192,28.0184002,28.0760918,28.0354023,28.0057583,28.0487785,27.9931622,28.0228481,28.0238209,28.0258541,28.0590382,28.0530262,28.0929623,28.0174599,28.0179005,28.068327,28.018301,28.0308132,28.0353336,28.0362854,28.0124798,28.0134926,28.0170174,28.0129395,27.9969006,28.0049057,27.9976711,28.0253143,27.9919491,28.0199337,28.0366859,28.0474052,28.046154,28.0153446,28.0409641,28.0489998,28.0361347,28.0296612,28.1098156,28.1010075,28.0637875,28.0407944,28.0442905,28.0440083,28.0527153,28.0460835,28.0474758,28.0673237,28.0350227,28.0242538,28.0005875,28.0525551,28.0399723,28.0175686,28.0309563,28.0142727,28.1957283,28.0066681,28.0301933,28.0079212,28.014185,28.0128593,28.0793476,28.0885735,28.040884,28.130825,28.0594788,28.0657616,28.0715504,28.0489693,28.0669537,28.0887547,28.0647488,28.0582275,28.1305733,28.0711002,28.1045647,28.0569935,28.0431271,28.0735855,28.0870113,28.0315666,28.051775,28.0691471,28.0289726,28.0618038,28.0485897,28.0816898,28.0234718,28.0186615,28.0664539,28.0461121,28.0695992,28.0622635,28.1061573,28.1628151,28.1137428,28.0259151,28.0875416,28.0730267,28.0469131,28.1260052,28.1506424,28.1016407,28.0867901,28.0228901,28.0653419,28.0964394,28.0744171,28.0736866,28.088995,28.1063385,28.0906086,28.0606403,28.0895767,28.1054173,28.1037025,28.0691872,28.0988445,28.2078896,28.0617924,28.073576,25.2977505,25.3789463,25.3784752,25.6354122,27.2991142,27.9413738,27.9523144,27.5105553,27.224823,27.5171776,27.8262157,28.0494404,28.0117683,27.8931923,27.8203259,27.8535271,27.95965,27.9834232,27.964819,27.9373779,27.9522648,27.935133,27.9350739,27.9739552,27.9928017,27.9633064,27.9607925,27.9450626,27.9993248,27.9935932,27.9679565,27.9527264,27.9477177,27.9697971,27.9703102,27.9617424,28.0045853,28.0366058,28.0441208,28.0311642,27.9592896,27.9653282,27.9546013,27.963026,27.9878521,27.9823418,28.0102749,27.9487381,27.9687881,27.9947357,28.0070992,27.989706,27.9964199,28.0001259,27.9835453,27.9898167,27.9774647,27.9624538,27.9816303,27.997242,27.9888859,27.9726639,27.959528,27.9422264,28.0435791,27.9697285,27.9827137,28.0079308,27.9875927,27.9988937,27.9579659,27.9531078,28.0313454,28.0666428,27.9652805,28.0090637,28.0050659,28.040163,27.9912586,27.9859009,28.0062389,27.9878025,28.0667534,28.0191212,28.0072899,28.0125599,27.9758205,27.9951077,28.0277271,28.0082111,27.9973202,27.990799,28.0494595,28.0384007,28.0143127,28.0152245,28.0001774,28.0484295,28.0569439,28.0366154,28.0845871,28.0569153,28.0349827,28.0364151,28.0378361,28.0260353,28.0227795,27.9977436,28.0583057,28.0944767,28.0272789,28.0412331,28.0147438,28.0156765,28.0112381,28.0090637,27.9924717,28.0313053,28.1465549,28.0665016,28.0326977,28.0225086,28.0449829,28.046154,28.0648098,28.0608425,28.0594482,28.0561733,28.0408344,28.071312,28.0589981,28.0620441,28.0492992,28.0531178,28.0206356,28.023922,28.0493603,28.0316753,28.0137711,28.0507317,28.0386581,28.0584373,28.0195732,28.0115871,28.0444603,28.1468449,28.0447006,28.0350723,28.0589085,28.0223999,28.0211353,28.0181999,28.0511227,28.0839367,28.0888042,28.0433884,28.0367851,28.0463638,28.0030308,28.0271378,28.0627556,28.0368767,28.0804081,28.0463848,28.095787,28.0591888,28.0436897,28.0480061,28.0583363,28.0737076,28.055481,28.0926514,28.0410728,28.045002,28.0231895,28.0454235,28.0727749,28.0624752,28.0578556,28.0658092,28.099926,28.0960598,28.0624733,28.0572243,28.0866909,28.0938034,28.1164284,28.0634766,28.0895863,28.0933933,28.0385704,28.0638676,28.0939751,28.1364651,28.0543499,28.0563126,28.0721626,28.0695972,28.1170197,28.0635872,28.0929813,28.1134014,28.1180592,28.0840759,28.1335297,28.1063786,28.0993557,28.1362343,28.1099644,28.1580143,28.1093445,28.0963993,28.1271076,28.1254749,28.0880928,28.0707512,28.1099148,28.0869102,28.0699196,28.0690575,28.1038723,28.0910187,28.0730152,28.0669823,28.1274891,28.1039734,28.0466042,28.0927124,28.1083927,28.0801868,28.0621147,28.0250244,28.0645885,28.0966091,28.0479183,28.0556507,28.0507526,28.1065273,28.1117783,28.0788269,28.1049347,28.107399,28.1433983,28.0996456,28.1255531,28.1055489,28.0748768,28.1001472,28.0960579,28.1122284,28.1094646,28.1510029,28.1031628,28.0841656,28.0768318,28.0893269,25.3202934,25.3297806,25.3042927,25.6603203,26.8157654,27.7694778,27.8981934,27.5422764,27.3069,27.5474052,27.7592697,27.9974213,28.0302429,27.9180794,27.8816013,27.9064674,27.9641171,28.0116787,28.0625248,27.9498005,27.9710712,28.0002766,27.9929714,27.9680347,27.9580688,27.9456425,27.9338417,28.0158463,27.9615822,28.0029011,27.9653912,27.9617538,28.0143738,28.0065098,27.9677658,28.0116577,28.1084213,28.0004883,27.9762802,27.9969215,27.9939232,27.9693985,27.9673634,27.9991245,27.9829426,28.0130005,27.9864006,27.984787,28.0076599,27.9994755,28.0119972,27.9899273,28.0148544,28.0027618,27.9906979,27.9553909,28.0086918,28.0378284,28.0215778,27.9741688,27.9883938,27.9889259,27.9861698,28.0087223,27.9924126,27.9946651,28.0016384,27.9966183,28.0148735,28.0021706,27.952446,27.9907188,28.0172997,27.9992943,28.0190125,27.9721832,28.0425758,28.0246124,27.9858894,27.9884949,27.9635563,28.1511822,28.0254669,27.9837036,27.9930134,27.9992847,28.0017796,28.0400829,28.0081921,28.0544891,28.0406418,27.9624252,28.0079517,28.0268974,28.0359745,28.0272884,28.0480766,28.0363064,28.0026207,28.0592098,28.0381985,28.0460644,28.0235519,28.0215664,28.0147324,28.0164165,28.0024509,27.9990845,28.1397724,28.0751171,28.0385799,28.0377388,28.0202141,28.0761814,28.0463924,28.0426979,28.0612125,28.0496216,28.0303631,28.008152,28.0564137,28.0503101,28.0207253,27.9983921,28.0444298,28.0324879,28.0537777,28.0315552,28.0636272,28.0486889,28.0466442,28.0601997,28.0302525,28.0583363,28.0611229,28.0455112,28.084507,28.0477276,28.0346413,28.041605,28.0622044,28.0655098,28.0370369,28.0388794,28.058136,28.0279388,28.0389614,28.0463238,28.0152836,28.0427189,28.0633869,28.0298424,28.1015186,28.0246029,27.9867191,27.9876823,27.9982224,27.9973316,28.0449905,28.010807,28.0329399,28.1097946,28.0319176,28.0460739,28.0660801,28.0507736,28.0464649,28.0383072,28.0527458,28.0816422,28.1761894,28.1294422,28.0987339,28.0381889,28.0521965,28.0670433,28.0885239,28.044651,28.0291309,28.0611324,28.0850887,28.0681667,28.0627556,28.0424767,28.0516434,28.0610828,28.0458946,28.0182819,28.0591888,28.0431576,28.0696278,28.05439,28.0649395,28.0816517,28.0607605,28.0546703,28.0886345,28.1270771,28.0555611,28.0814705,28.0678844,28.0901375,28.0664539,28.0768108,28.0959797,28.1148434,28.2088623,28.0707111,28.1043339,28.1182308,28.0991859,28.0859394,28.0896378,28.1020088,28.1251736,28.1443119,28.110487,28.0971909,28.0937748,28.0761719,28.0685272,28.0968208,28.0955372,28.0922508,28.1464348,28.0848389,28.0927525,28.0759907,28.1096649,28.1083717,28.0905075,28.0901279,28.1435986,28.0978413,28.1390591,28.0623245,28.0914993,28.1156349,28.0973129,28.0755692,28.0856781,28.1027012,28.0900173,28.082222,28.1090641,28.1501102,28.07057,28.0858402,28.0722923,28.0565929,28.1625347,28.0510635,28.0863209,28.1124096,28.0755596,28.1067181],"nsight_systems":"not_used","nsight_compute":"not_used"}
status=passed
